2
4
6
6
6
8
9
9
11
11
13
13
13
13
13
14
16
18
20
20
22
24
24
25
26
26
27
27
29
30
30
31
32
34
36
37
38
40
40
40
40
42
44
44
46
47
49
50
50
50
51
51
53
54
54
55
57
57
57
58
59
60
61
62
62
64
65
65
67
68
70
70
71
73
74
74
76
78
79
79
81
83
83
83
83
83
83
85
87
88
89
90
91
92
93
93
93
95
97
98
99
101
103
104
104
106
108
110
112
114
115
117
119
119
121
121
122
124
126
126
126
127
129
129
131
133
133
134
135
135
137
139
139
139
139
140
141
142
142
144
144
145
147
149
150
150
151
152
154
154
154
154
156
156
156
158
160
162
163
163
164
165
167
168
170
170
171
173
173
175
175
176
176
178
180
181
183
185
187
188
188
189
190
190
190
191
193
194
196
197
197
198
198
198
200
202
202
204
204
206
206
207
208
210
212
213
214
216
216
217
217
219
220
220
220
220
222
224
226
226
227
228
228
229
229
230
230
230
231
233
235
235
235
235
237
238
238
238
238
240
242
242
243
244
246
248
249
249
251
252
254
254
254
254
254
256
258
260
260
262
262
262
262
262
264
265
265
267
269
271
271
273
274
276
276
278
278
279
280
281
283
284
286
288
290
291
291
291
292
292
293
293
295
297
297
299
300
300
302
302
304
304
304
304
304
306
307
309
311
313
315
316
316
316
318
318
320
320
320
321
321
321
323
323
325
326
326
328
328
329
331
332
332
333
335
337
339
340
341
342
342
342
342
342
342
344
346
348
350
350
351
352
353
353
354
354
354
356
358
359
361
363
365
367
367
369
369
371
371
373
373
375
375
377
378
379
381
382
383
385
386
387
389
389
389
391
392
392
392
392
393
394
396
397
397
399
400
400
402
404
406
407
409
411
413
415
417
418
420
422
422
424
425
425
426
428
429
429
429
430
431
432
433
435
437
438
440
441
443
445
447
448
448
449
449
449
449
450
450
451
451
453
455
455
456
458
459
460
461
463
465
467
469
469
470
472
472
474
474
476
477
479
479
481
481
483
483
483
484
485
485
487
488
489
489
491
491
493
495
496
496
498
500
501
502
503
504
505
505
506
507
508
509
510
512
514
515
516
516
517
