num	data		d1	d2	d3	d4	d5	d6	acertos
1	11/03/1996	4	5	30	33	41	52	0
2	18/03/1996	9	37	39	41	43	49	1
3	25/03/1996	10	11	29	30	36	47	2
4	01/04/1996	1	5	6	27	42	59	0
5	08/04/1996	1	2	6	16	19	46	0
6	15/04/1996	7	13	19	22	40	47	0
7	22/04/1996	3	5	20	21	38	56	0
8	29/04/1996	4	17	37	38	47	53	0
9	06/05/1996	8	43	54	55	56	60	0
10	13/05/1996	4	18	21	25	38	57	0
11	20/05/1996	15	25	37	38	58	59	1
12	27/05/1996	4	16	19	20	27	43	0
13	03/06/1996	18	32	47	50	54	56	0
14	10/06/1996	2	16	23	27	47	53	0
15	17/06/1996	12	33	35	51	52	60	0
16	24/06/1996	20	32	34	49	58	60	0
17	01/07/1996	6	10	13	19	20	51	1
18	08/07/1996	23	27	36	37	42	56	0
19	15/07/1996	5	10	12	24	25	60	0
20	22/07/1996	11	25	28	30	33	51	0
21	29/07/1996	6	33	36	46	49	53	0
22	05/08/1996	1	9	31	38	46	56	0
23	12/08/1996	17	37	39	51	52	59	0
24	19/08/1996	1	8	14	28	33	43	1
25	25/08/1996	24	43	50	54	55	56	0
26	01/09/1996	10	22	50	53	57	58	0
27	08/09/1996	13	17	20	33	44	51	0
28	15/09/1996	3	6	22	24	54	60	0
29	22/09/1996	3	8	14	43	56	58	1
30	29/09/1996	7	14	15	29	38	50	0
31	06/10/1996	17	19	28	45	48	56	0
32	13/10/1996	5	14	33	36	43	44	0
33	20/10/1996	5	17	33	39	42	49	1
34	27/10/1996	13	15	17	40	53	57	0
35	03/11/1996	4	16	21	23	54	57	0
36	10/11/1996	3	13	17	25	29	51	0
37	17/11/1996	6	7	22	38	52	60	0
38	24/11/1996	10	42	43	45	54	55	0
39	01/12/1996	12	16	37	45	52	56	0
40	08/12/1996	3	5	8	12	46	47	0
41	15/12/1996	12	26	35	38	39	47	1
42	22/12/1996	7	11	19	24	33	36	0
43	29/12/1996	2	6	17	25	26	58	0
44	05/01/1997	14	18	29	38	44	47	0
45	12/01/1997	7	30	37	44	53	55	0
46	19/01/1997	1	23	24	32	46	60	0
47	26/01/1997	3	17	25	35	48	56	0
48	02/02/1997	2	5	28	34	47	50	0
49	09/02/1997	7	13	33	35	43	55	1
50	16/02/1997	6	16	21	44	57	58	0
51	23/02/1997	17	23	24	25	42	47	0
52	02/03/1997	15	30	38	46	58	59	0
53	09/03/1997	3	13	16	38	42	46	0
54	16/03/1997	5	9	18	21	36	56	2
55	23/03/1997	2	14	23	29	38	52	0
56	30/03/1997	2	7	20	35	51	59	0
57	06/04/1997	7	16	17	27	34	59	0
58	13/04/1997	12	27	30	37	44	49	1
59	20/04/1997	2	8	13	28	34	54	0
60	27/04/1997	3	14	15	20	21	38	0
61	04/05/1997	8	18	29	42	44	59	0
62	11/05/1997	6	8	13	24	31	52	0
63	18/05/1997	9	25	26	40	41	49	1
64	25/05/1997	8	12	23	50	54	60	0
65	01/06/1997	1	5	20	25	32	34	0
66	08/06/1997	12	13	15	26	33	48	0
67	15/06/1997	12	14	17	27	47	52	0
68	22/06/1997	1	3	12	13	53	59	0
69	29/06/1997	25	34	45	53	56	58	0
70	06/07/1997	17	23	27	40	43	58	0
71	13/07/1997	16	27	33	43	45	53	0
72	20/07/1997	1	19	34	43	44	48	0
73	27/07/1997	25	26	28	45	51	57	1
74	03/08/1997	2	24	34	37	38	50	0
75	10/08/1997	21	24	35	36	37	49	0
76	17/08/1997	8	17	18	23	33	53	0
77	24/08/1997	21	29	40	49	54	57	0
78	31/08/1997	12	22	25	31	32	46	0
79	07/09/1997	2	13	17	25	31	43	1
80	14/09/1997	23	28	37	40	48	51	0
81	21/09/1997	10	23	41	47	54	60	0
82	28/09/1997	15	18	29	36	51	53	1
83	05/10/1997	4	15	16	24	42	57	0
84	12/10/1997	4	6	10	25	34	40	0
85	19/10/1997	6	15	30	37	45	47	0
86	26/10/1997	6	21	22	34	36	54	0
87	02/11/1997	4	5	11	28	32	40	0
88	09/11/1997	4	18	29	37	43	45	0
89	16/11/1997	13	34	42	44	55	59	0
90	23/11/1997	9	21	26	40	52	54	1
91	30/11/1997	2	4	10	35	39	60	0
92	07/12/1997	1	3	5	23	24	51	0
93	14/12/1997	2	22	28	31	36	53	0
94	21/12/1997	8	18	28	51	52	55	0
95	28/12/1997	6	40	45	46	50	60	0
96	04/01/1998	4	7	26	40	42	58	1
97	11/01/1998	5	11	14	35	53	56	1
98	18/01/1998	13	14	31	33	35	43	0
99	25/01/1998	11	24	30	33	46	60	0
100	01/02/1998	14	29	30	46	48	51	0
101	08/02/1998	1	18	29	31	37	39	0
102	15/02/1998	19	20	37	42	44	56	1
103	22/02/1998	1	7	9	49	54	57	1
104	01/03/1998	1	4	13	21	38	52	0
105	08/03/1998	3	13	31	43	46	49	0
106	15/03/1998	5	16	24	35	38	39	0
107	22/03/1998	2	4	16	24	51	52	0
108	29/03/1998	21	24	29	34	59	60	0
109	04/04/1998	1	13	44	48	49	54	0
110	11/04/1998	18	31	43	52	57	58	0
111	18/04/1998	4	22	25	32	33	52	0
112	25/04/1998	12	20	34	37	42	43	1
113	02/05/1998	7	26	28	34	54	55	0
114	09/05/1998	6	12	18	37	47	54	0
115	16/05/1998	4	6	14	20	24	38	0
116	23/05/1998	5	13	32	36	42	51	0
117	30/05/1998	20	25	27	33	42	53	0
118	06/06/1998	9	22	25	37	56	57	0
119	13/06/1998	1	21	36	38	47	50	0
120	20/06/1998	3	16	27	40	45	46	0
121	27/06/1998	2	29	41	44	53	55	0
122	04/07/1998	11	17	20	39	43	53	0
123	11/07/1998	13	14	16	26	32	42	0
124	18/07/1998	5	15	34	41	52	57	1
125	25/07/1998	25	41	47	53	56	59	0
126	01/08/1998	6	10	11	28	32	40	0
127	08/08/1998	21	29	50	51	54	59	0
128	15/08/1998	3	9	18	21	23	43	0
129	22/08/1998	1	9	10	32	46	54	0
130	29/08/1998	13	29	38	42	49	53	0
131	05/09/1998	4	9	17	27	30	44	0
132	12/09/1998	7	9	35	41	44	50	0
133	19/09/1998	5	6	19	34	39	57	1
134	26/09/1998	4	25	32	36	52	60	0
135	03/10/1998	21	22	35	40	53	59	0
136	10/10/1998	1	17	25	38	45	59	0
137	17/10/1998	15	16	19	22	26	49	0
138	24/10/1998	5	14	27	37	40	41	0
139	31/10/1998	3	13	26	27	41	42	2
140	07/11/1998	7	31	41	44	46	55	0
141	14/11/1998	10	13	22	41	42	58	0
142	21/11/1998	8	15	19	20	54	59	0
143	28/11/1998	6	18	20	40	50	53	0
144	05/12/1998	8	32	36	44	45	55	1
145	12/12/1998	15	16	31	41	43	51	0
146	19/12/1998	25	32	34	42	51	60	0
147	24/12/1998	6	16	23	24	28	38	1
148	31/12/1998	32	35	41	55	58	59	0
149	09/01/1999	7	11	20	28	45	48	0
150	16/01/1999	12	44	50	52	54	55	0
151	23/01/1999	3	16	20	43	52	56	1
152	30/01/1999	5	12	15	29	51	58	0
153	06/02/1999	2	30	31	42	45	47	0
154	13/02/1999	8	10	24	33	45	48	0
155	20/02/1999	12	30	32	35	43	44	1
156	27/02/1999	17	23	42	49	52	55	0
157	06/03/1999	4	13	17	21	41	44	1
158	13/03/1999	4	14	17	43	51	58	0
159	20/03/1999	9	11	16	35	50	58	1
160	27/03/1999	2	13	42	52	54	58	0
161	03/04/1999	6	25	30	37	39	41	0
162	10/04/1999	21	23	33	38	48	51	0
163	17/04/1999	8	27	36	41	53	56	2
164	24/04/1999	4	10	14	19	28	44	0
165	01/05/1999	10	19	23	35	39	56	2
166	08/05/1999	12	13	22	57	59	60	0
167	15/05/1999	1	11	28	33	38	48	1
168	22/05/1999	2	9	31	35	45	50	0
169	29/05/1999	1	13	21	37	51	52	0
170	05/06/1999	7	41	46	51	55	58	0
171	12/06/1999	4	27	40	43	46	54	1
172	19/06/1999	10	14	26	35	36	49	0
173	26/06/1999	17	28	29	42	49	50	1
174	03/07/1999	11	22	23	36	52	59	0
175	10/07/1999	1	10	13	20	42	50	0
176	17/07/1999	1	3	4	28	45	53	0
177	24/07/1999	22	35	38	39	41	59	0
178	31/07/1999	5	15	19	26	27	33	1
179	07/08/1999	5	6	23	26	27	53	0
180	14/08/1999	6	23	29	39	51	60	0
181	21/08/1999	1	27	33	35	51	55	0
182	28/08/1999	3	5	10	28	46	60	0
183	04/09/1999	2	7	11	16	40	44	0
184	11/09/1999	9	16	21	34	41	60	0
185	18/09/1999	17	22	43	46	55	59	0
186	25/09/1999	14	23	24	25	26	51	0
187	02/10/1999	6	36	41	44	48	58	0
188	10/10/1999	17	27	34	42	43	46	1
189	16/10/1999	4	15	31	38	41	53	0
190	24/10/1999	5	10	21	32	40	42	0
191	31/10/1999	1	3	5	23	41	58	1
192	06/11/1999	1	26	28	41	54	60	0
193	13/11/1999	4	11	12	19	43	49	0
194	20/11/1999	25	28	32	33	42	43	0
195	27/11/1999	3	9	17	32	37	44	1
196	04/12/1999	7	9	14	17	24	32	0
197	11/12/1999	5	12	15	19	29	52	0
198	18/12/1999	1	8	18	23	35	40	0
199	24/12/1999	10	16	37	50	52	57	1
200	31/12/1999	12	15	19	34	44	51	2
201	08/01/2000	5	20	22	30	35	55	1
202	15/01/2000	12	24	44	45	49	53	0
203	22/01/2000	11	19	29	44	47	55	0
204	29/01/2000	29	31	39	41	51	58	0
205	05/02/2000	26	32	40	43	46	54	1
206	12/02/2000	18	20	26	34	51	56	0
207	19/02/2000	3	7	19	24	53	55	0
208	26/02/2000	15	23	24	25	47	57	0
209	04/03/2000	13	21	26	32	41	52	0
210	11/03/2000	20	32	37	38	48	58	0
211	18/03/2000	10	20	33	40	45	50	0
212	25/03/2000	6	15	29	45	57	59	0
213	01/04/2000	3	9	23	30	32	35	3
214	08/04/2000	6	12	30	31	35	50	0
215	15/04/2000	7	28	37	46	53	58	0
216	22/04/2000	14	18	30	35	42	59	4
217	29/04/2000	3	27	32	45	49	51	0
218	06/05/2000	12	17	40	42	47	54	1
219	13/05/2000	23	26	28	36	42	49	0
220	20/05/2000	13	14	36	53	55	60	1
221	27/05/2000	13	27	43	50	54	58	0
222	03/06/2000	5	19	30	48	52	55	0
223	10/06/2000	2	6	22	24	28	58	0
224	17/06/2000	7	16	18	20	21	44	0
225	24/06/2000	2	4	16	21	37	58	0
226	01/07/2000	1	2	38	49	50	59	1
227	08/07/2000	11	26	27	37	42	48	0
228	15/07/2000	13	16	40	43	45	59	0
229	22/07/2000	11	13	21	33	39	45	1
230	29/07/2000	8	40	41	44	53	56	0
231	05/08/2000	16	27	36	42	44	59	0
232	12/08/2000	19	22	29	37	41	59	0
233	19/08/2000	3	7	24	32	36	45	5
234	26/08/2000	15	25	41	42	45	54	0
235	02/09/2000	2	22	29	31	41	55	0
236	09/09/2000	10	25	50	52	57	60	0
237	16/09/2000	7	31	36	45	56	57	0
238	23/09/2000	9	13	15	37	41	42	4
239	30/09/2000	6	21	33	44	46	47	1
240	07/10/2000	25	28	38	41	57	59	0
241	14/10/2000	11	31	35	40	56	57	0
242	21/10/2000	4	7	21	22	28	56	0
243	28/10/2000	11	16	20	23	32	47	0
244	04/11/2000	19	24	33	47	50	60	0
245	11/11/2000	8	27	44	51	53	60	3
246	18/11/2000	2	16	32	37	43	57	0
247	25/11/2000	3	10	23	30	34	46	0
248	02/12/2000	16	32	34	35	41	56	0
249	09/12/2000	21	36	40	49	54	55	0
250	16/12/2000	7	25	41	42	43	55	0
251	23/12/2000	15	23	30	34	49	55	0
252	30/12/2000	4	17	26	32	51	54	2
253	06/01/2001	11	12	24	37	44	56	0
254	13/01/2001	1	4	21	22	30	56	0
255	20/01/2001	16	19	20	32	44	55	0
256	27/01/2001	2	21	26	32	34	52	0
257	03/02/2001	1	4	5	19	28	34	1
258	10/02/2001	7	12	50	54	55	60	0
259	17/02/2001	13	15	20	33	43	58	0
260	24/02/2001	4	6	33	43	59	60	0
261	03/03/2001	5	16	20	30	54	56	0
262	10/03/2001	11	20	48	53	58	60	0
263	17/03/2001	8	9	26	43	50	53	0
264	24/03/2001	1	5	13	25	31	33	2
265	31/03/2001	7	16	34	41	50	53	0
266	07/04/2001	2	23	38	46	48	54	0
267	14/04/2001	1	8	45	46	55	58	0
268	21/04/2001	5	6	10	21	33	47	0
269	28/04/2001	17	18	19	25	49	52	0
270	05/05/2001	5	9	27	35	40	45	1
271	12/05/2001	14	24	26	29	31	54	0
272	19/05/2001	9	10	24	36	56	58	0
273	26/05/2001	10	17	23	27	47	52	1
274	02/06/2001	11	13	18	26	39	47	0
275	09/06/2001	16	19	30	37	38	48	0
276	16/06/2001	22	39	45	53	57	59	0
277	23/06/2001	4	26	38	40	52	56	0
278	30/06/2001	10	15	18	22	31	55	0
279	07/07/2001	4	23	31	47	58	59	0
280	14/07/2001	5	16	20	25	30	58	0
281	21/07/2001	5	11	31	38	47	53	1
282	28/07/2001	9	14	23	24	33	36	1
283	01/08/2001	25	28	34	42	48	54	1
284	04/08/2001	7	8	14	30	32	36	1
285	08/08/2001	12	32	37	41	50	56	0
286	11/08/2001	29	35	37	44	47	56	0
287	15/08/2001	3	13	25	33	47	60	1
288	18/08/2001	6	9	11	17	18	50	0
289	22/08/2001	6	7	20	25	30	36	0
290	25/08/2001	7	25	26	30	40	57	0
291	29/08/2001	5	16	17	18	22	41	0
292	01/09/2001	13	23	24	34	45	53	0
293	05/09/2001	5	6	7	12	28	35	0
294	08/09/2001	22	25	28	41	45	57	2
295	12/09/2001	7	12	24	31	44	50	0
296	15/09/2001	3	20	42	46	51	52	0
297	19/09/2001	1	20	28	33	36	41	0
298	22/09/2001	5	22	23	24	34	60	1
299	26/09/2001	2	5	7	33	49	53	0
300	29/09/2001	24	27	28	38	41	57	0
301	03/10/2001	9	26	48	49	57	58	0
302	06/10/2001	12	25	30	40	41	60	0
303	10/10/2001	7	13	17	30	37	47	1
304	13/10/2001	7	11	34	41	42	59	0
305	17/10/2001	5	11	27	38	53	60	0
306	20/10/2001	19	30	41	47	56	57	0
307	24/10/2001	13	16	17	26	41	44	0
308	27/10/2001	4	11	25	29	39	55	1
309	31/10/2001	4	11	25	39	50	55	1
310	03/11/2001	2	14	28	29	31	32	0
311	07/11/2001	22	24	30	32	38	41	0
312	10/11/2001	14	23	30	41	47	50	0
313	14/11/2001	14	16	24	37	38	53	0
314	17/11/2001	5	32	34	37	40	58	0
315	21/11/2001	12	21	22	28	43	50	1
316	24/11/2001	6	24	28	43	51	56	0
317	28/11/2001	16	20	27	30	35	48	0
318	01/12/2001	3	19	20	31	40	53	1
319	05/12/2001	12	16	17	19	23	48	0
320	08/12/2001	20	22	27	47	50	53	0
321	12/12/2001	4	11	31	32	48	49	0
322	15/12/2001	11	18	29	44	47	56	0
323	19/12/2001	26	31	33	40	49	54	0
324	22/12/2001	8	15	22	25	30	47	0
325	29/12/2001	1	3	4	21	23	53	2
326	05/01/2002	21	23	40	44	51	52	0
327	09/01/2002	29	32	33	38	46	48	0
328	12/01/2002	5	7	14	21	23	51	1
329	16/01/2002	10	11	12	24	35	40	0
330	19/01/2002	2	4	14	23	37	51	0
331	23/01/2002	1	13	20	27	35	37	0
332	26/01/2002	23	28	29	34	42	44	0
333	30/01/2002	4	27	35	44	52	53	0
334	02/02/2002	14	23	24	26	41	51	2
335	06/02/2002	7	23	33	43	57	59	0
336	09/02/2002	2	18	22	26	30	54	0
337	16/02/2002	4	14	16	31	52	54	0
338	20/02/2002	1	4	9	36	46	48	0
339	23/02/2002	5	12	13	16	27	50	0
340	27/02/2002	9	10	12	33	42	60	0
341	02/03/2002	5	16	22	23	43	56	0
342	06/03/2002	16	29	34	49	51	54	0
343	09/03/2002	4	6	7	12	24	41	2
344	13/03/2002	10	12	14	33	35	36	0
345	16/03/2002	11	22	46	51	56	58	1
346	20/03/2002	7	12	41	46	56	60	0
347	23/03/2002	1	10	12	26	48	52	0
348	27/03/2002	19	30	33	39	40	52	0
349	30/03/2002	8	9	28	32	38	54	0
350	03/04/2002	10	15	23	30	43	57	0
351	06/04/2002	15	16	24	41	59	60	0
352	10/04/2002	7	20	25	44	47	49	0
353	13/04/2002	19	23	30	46	55	60	0
354	17/04/2002	7	16	38	40	41	52	1
355	20/04/2002	2	14	22	23	37	60	0
356	24/04/2002	5	19	21	54	56	58	0
357	27/04/2002	2	30	32	35	45	53	0
358	04/05/2002	12	17	21	32	40	42	0
359	08/05/2002	13	19	20	29	31	54	0
360	11/05/2002	23	24	29	47	53	55	0
361	15/05/2002	16	28	31	41	45	59	0
362	18/05/2002	7	20	33	37	46	56	1
363	22/05/2002	19	29	39	47	49	54	0
364	25/05/2002	5	29	44	51	57	59	1
365	29/05/2002	19	23	34	37	52	58	1
366	01/06/2002	4	6	7	15	21	51	0
367	05/06/2002	10	12	27	33	49	52	1
368	08/06/2002	13	29	32	38	44	50	0
369	12/06/2002	1	14	21	35	42	60	1
370	15/06/2002	1	4	40	42	51	54	0
371	19/06/2002	4	18	23	33	39	60	0
372	22/06/2002	16	17	24	39	46	57	2
373	26/06/2002	1	5	10	24	31	33	0
374	29/06/2002	2	5	16	26	44	54	0
375	03/07/2002	1	5	9	42	51	58	0
376	06/07/2002	10	13	25	35	43	48	0
377	10/07/2002	3	12	19	27	45	46	0
378	13/07/2002	5	38	41	45	48	55	0
379	17/07/2002	24	33	40	41	55	59	0
380	20/07/2002	13	22	30	31	47	57	0
381	24/07/2002	9	10	28	46	55	56	0
382	27/07/2002	31	34	37	38	53	54	0
383	31/07/2002	14	22	48	50	53	56	0
384	03/08/2002	24	28	40	47	50	52	0
385	07/08/2002	5	12	16	18	22	24	2
386	10/08/2002	17	35	36	39	43	54	0
387	14/08/2002	22	28	29	43	47	48	0
388	17/08/2002	23	36	48	52	53	58	0
389	21/08/2002	5	14	18	43	46	54	0
390	24/08/2002	7	12	22	34	38	53	1
391	28/08/2002	4	7	15	16	35	40	0
392	31/08/2002	15	23	31	39	47	49	1
393	04/09/2002	6	12	35	36	40	50	0
394	07/09/2002	5	15	35	42	45	49	0
395	11/09/2002	10	11	14	20	31	58	1
396	14/09/2002	6	18	34	42	45	47	0
397	18/09/2002	1	2	5	24	32	46	0
398	21/09/2002	7	16	22	28	36	37	1
399	25/09/2002	11	16	27	47	55	59	0
400	28/09/2002	10	13	28	29	54	59	0
401	02/10/2002	11	18	43	44	50	53	0
402	05/10/2002	5	16	27	43	56	58	0
403	09/10/2002	7	16	27	31	46	60	0
404	12/10/2002	1	24	28	38	40	58	0
405	16/10/2002	24	29	34	47	57	60	0
406	19/10/2002	2	12	32	38	47	48	0
407	23/10/2002	2	18	22	49	51	57	0
408	26/10/2002	14	28	33	44	49	56	1
409	30/10/2002	18	25	26	31	34	49	0
410	02/11/2002	8	24	31	36	38	55	0
411	06/11/2002	10	12	31	38	45	56	0
412	09/11/2002	5	12	14	21	45	59	0
413	13/11/2002	2	4	29	33	35	53	0
414	16/11/2002	16	26	35	45	52	58	1
415	20/11/2002	1	4	27	38	42	44	0
416	23/11/2002	1	13	23	33	54	56	0
417	27/11/2002	7	12	21	25	34	42	0
418	30/11/2002	8	15	32	45	49	52	2
419	04/12/2002	9	16	41	42	52	53	0
420	07/12/2002	12	29	30	43	57	59	0
421	11/12/2002	5	35	37	38	45	51	0
422	14/12/2002	12	37	43	55	56	60	0
423	18/12/2002	8	22	32	33	40	53	0
424	21/12/2002	18	27	29	36	46	59	0
425	28/12/2002	6	10	16	34	42	47	1
426	04/01/2003	7	30	32	37	50	54	0
427	08/01/2003	3	13	14	24	43	51	0
428	11/01/2003	8	28	30	32	46	60	0
429	15/01/2003	17	26	32	36	43	55	0
430	18/01/2003	8	10	21	25	38	50	1
431	22/01/2003	26	37	40	47	52	58	0
432	25/01/2003	4	13	17	27	39	50	0
433	29/01/2003	16	17	28	30	36	54	0
434	01/02/2003	4	10	17	24	30	54	0
435	05/02/2003	10	11	17	31	37	43	0
436	08/02/2003	1	6	7	29	48	57	0
437	12/02/2003	7	10	30	44	54	59	0
438	15/02/2003	3	5	11	14	38	48	0
439	19/02/2003	13	20	29	42	43	57	0
440	22/02/2003	3	5	23	30	46	47	0
441	26/02/2003	2	10	15	21	58	59	0
442	01/03/2003	6	15	23	31	37	59	1
443	08/03/2003	11	17	26	36	48	52	0
444	12/03/2003	3	24	33	48	52	57	0
445	15/03/2003	7	20	31	32	50	53	0
446	19/03/2003	8	11	12	17	20	47	2
447	22/03/2003	15	24	25	33	42	55	0
448	26/03/2003	3	5	9	45	51	52	0
449	29/03/2003	1	8	24	34	49	56	0
450	02/04/2003	1	9	13	50	51	59	0
451	05/04/2003	17	18	23	28	31	53	0
452	09/04/2003	11	16	30	36	51	54	0
453	12/04/2003	8	20	23	34	52	58	0
454	16/04/2003	4	17	24	42	46	56	0
455	19/04/2003	2	14	15	17	50	59	0
456	23/04/2003	3	17	22	27	33	40	0
457	26/04/2003	15	17	24	27	32	48	3
458	30/04/2003	13	24	32	34	43	53	0
459	03/05/2003	8	15	17	39	43	49	0
460	07/05/2003	19	23	30	37	49	55	0
461	10/05/2003	15	17	20	29	30	60	0
462	14/05/2003	17	19	22	26	27	48	0
463	17/05/2003	2	3	7	18	45	53	0
464	21/05/2003	6	24	33	38	45	50	1
465	24/05/2003	1	22	31	46	51	57	0
466	28/05/2003	11	16	28	29	30	45	0
467	31/05/2003	8	18	21	22	38	60	0
468	04/06/2003	5	6	23	25	39	51	0
469	07/06/2003	13	21	26	29	42	47	2
470	11/06/2003	8	11	23	37	51	58	0
471	14/06/2003	5	31	32	36	51	59	0
472	18/06/2003	3	4	12	29	38	51	0
473	21/06/2003	7	23	41	49	51	58	0
474	25/06/2003	3	12	32	34	40	50	0
475	28/06/2003	6	8	19	22	43	52	0
476	02/07/2003	17	20	38	43	55	58	0
477	05/07/2003	6	8	18	34	38	47	3
478	09/07/2003	3	8	21	25	30	31	0
479	12/07/2003	20	26	41	46	54	58	0
480	16/07/2003	14	33	36	38	41	49	0
481	19/07/2003	6	13	22	24	42	44	3
482	23/07/2003	12	13	33	53	54	56	0
483	26/07/2003	16	18	23	35	44	59	0
484	30/07/2003	17	18	19	38	49	53	0
485	02/08/2003	19	28	30	38	52	57	0
486	06/08/2003	8	14	19	30	42	50	1
487	09/08/2003	8	22	25	48	52	54	2
488	13/08/2003	15	30	35	39	43	57	0
489	16/08/2003	17	28	33	36	53	59	0
490	20/08/2003	5	11	23	29	54	58	1
491	23/08/2003	1	9	15	22	43	55	1
492	27/08/2003	2	6	15	18	56	57	0
493	30/08/2003	3	18	20	24	42	54	0
494	03/09/2003	18	20	28	32	49	53	0
495	06/09/2003	8	15	29	36	49	60	0
496	10/09/2003	10	19	20	29	41	59	0
497	13/09/2003	9	13	20	32	41	58	0
498	17/09/2003	2	6	28	49	50	57	0
499	20/09/2003	1	4	5	11	44	59	1
500	27/09/2003	21	29	35	36	38	54	1
501	01/10/2003	16	27	28	34	39	56	0
502	04/10/2003	7	13	21	24	33	50	2
503	08/10/2003	7	10	21	27	48	49	0
504	11/10/2003	8	11	19	30	39	50	0
505	15/10/2003	3	20	28	46	47	52	0
506	18/10/2003	4	15	31	34	37	38	0
507	22/10/2003	3	5	27	33	44	58	2
508	25/10/2003	5	10	15	45	46	56	0
509	29/10/2003	28	32	33	34	35	55	0
510	01/11/2003	1	4	30	41	45	58	2
511	05/11/2003	3	4	8	34	36	37	0
512	08/11/2003	4	8	31	40	53	58	3
513	12/11/2003	10	19	27	33	39	46	0
514	15/11/2003	15	36	40	42	51	52	0
515	19/11/2003	15	16	39	45	48	57	0
516	22/11/2003	5	13	24	33	34	35	0
517	26/11/2003	7	8	28	32	38	51	0
518	29/11/2003	5	8	10	15	18	44	0
519	03/12/2003	9	15	19	22	36	42	0
520	06/12/2003	9	12	17	32	34	35	0
521	10/12/2003	15	25	28	32	38	45	0
522	13/12/2003	6	14	15	25	49	52	0
523	17/12/2003	28	39	40	44	45	58	0
524	20/12/2003	19	29	34	41	47	48	1
525	27/12/2003	8	10	24	26	32	49	2
526	03/01/2004	3	21	31	36	55	59	0
527	07/01/2004	6	14	17	26	50	52	0
528	10/01/2004	8	12	28	31	34	37	0
529	14/01/2004	1	13	33	38	45	56	15
530	17/01/2004	1	6	21	25	32	49	0
531	21/01/2004	1	3	7	18	35	50	0
532	24/01/2004	4	9	12	13	52	53	0
533	28/01/2004	13	18	21	27	53	59	0
534	31/01/2004	3	8	23	31	48	57	1
535	04/02/2004	6	14	28	47	49	56	1
536	07/02/2004	14	15	22	23	25	37	0
537	11/02/2004	3	7	19	34	37	39	1
538	14/02/2004	3	25	43	45	52	56	0
539	18/02/2004	6	16	19	47	50	55	0
540	21/02/2004	4	22	28	30	44	49	0
541	28/02/2004	13	27	49	52	57	58	1
542	03/03/2004	4	6	19	28	35	49	0
543	06/03/2004	35	37	42	46	49	54	1
544	10/03/2004	11	17	33	34	47	56	0
545	13/03/2004	17	29	35	40	43	57	1
546	17/03/2004	4	5	13	17	46	54	0
547	20/03/2004	4	13	28	30	53	59	1
548	24/03/2004	14	47	49	51	58	59	0
549	27/03/2004	8	13	22	46	51	58	0
550	31/03/2004	16	17	38	39	45	56	0
551	03/04/2004	12	21	46	48	56	57	0
552	07/04/2004	9	22	47	49	52	54	0
553	10/04/2004	4	43	46	53	54	58	0
554	14/04/2004	15	29	31	42	47	60	0
555	17/04/2004	5	23	31	33	45	49	1
556	21/04/2004	8	10	17	30	33	45	0
557	24/04/2004	8	12	18	23	38	49	0
558	28/04/2004	7	14	31	57	58	59	0
559	01/05/2004	6	13	17	25	36	53	1
560	05/05/2004	2	11	18	30	32	58	0
561	08/05/2004	1	20	36	39	49	55	0
562	12/05/2004	16	23	35	37	55	57	0
563	15/05/2004	5	8	23	34	44	51	0
564	19/05/2004	10	13	20	32	38	49	0
565	22/05/2004	7	31	34	35	37	45	0
566	26/05/2004	6	13	17	18	20	37	0
567	29/05/2004	11	31	38	41	57	58	0
568	02/06/2004	13	17	22	25	29	41	0
569	05/06/2004	3	9	14	15	32	57	1
570	09/06/2004	15	32	33	35	36	51	0
571	12/06/2004	12	13	14	31	50	51	0
572	16/06/2004	3	9	16	20	33	60	0
573	19/06/2004	6	17	22	29	40	59	0
574	23/06/2004	2	10	17	23	32	44	0
575	26/06/2004	5	18	21	29	35	48	2
576	30/06/2004	7	8	18	39	43	52	0
577	03/07/2004	8	23	24	28	31	47	0
578	07/07/2004	3	18	23	48	56	58	1
579	10/07/2004	4	9	15	17	34	39	1
580	14/07/2004	15	16	18	28	38	47	0
581	17/07/2004	14	17	25	30	39	52	1
582	21/07/2004	13	29	40	45	51	59	0
583	24/07/2004	6	7	20	41	43	55	0
584	28/07/2004	7	8	23	30	32	53	0
585	31/07/2004	12	24	33	36	39	57	1
586	04/08/2004	11	13	38	39	45	54	0
587	07/08/2004	2	18	29	30	36	60	0
588	11/08/2004	11	13	45	46	53	55	0
589	14/08/2004	6	7	8	13	33	59	0
590	18/08/2004	4	5	18	25	28	51	0
591	21/08/2004	1	3	18	34	50	58	0
592	25/08/2004	13	14	42	47	55	59	0
593	28/08/2004	1	25	27	29	49	59	0
594	01/09/2004	10	13	29	47	53	55	0
595	04/09/2004	1	2	25	43	50	54	0
596	08/09/2004	11	14	28	43	54	60	0
597	11/09/2004	22	27	29	40	42	56	0
598	15/09/2004	5	16	34	38	50	53	2
599	18/09/2004	4	6	9	23	45	51	0
600	22/09/2004	16	18	31	34	39	54	0
601	25/09/2004	10	19	22	29	30	37	0
602	29/09/2004	7	13	38	46	55	60	0
603	02/10/2004	4	8	11	12	29	44	1
604	06/10/2004	15	25	41	46	49	51	0
605	09/10/2004	4	24	44	49	52	53	0
606	13/10/2004	6	23	32	35	41	55	1
607	16/10/2004	6	11	19	27	41	59	0
608	20/10/2004	6	13	19	24	30	37	0
609	23/10/2004	2	6	15	58	59	60	0
610	27/10/2004	25	30	43	45	47	49	0
611	30/10/2004	16	21	22	33	48	49	0
612	03/11/2004	15	18	33	50	53	55	0
613	06/11/2004	6	13	19	44	54	55	0
614	10/11/2004	12	16	31	48	57	60	0
615	13/11/2004	5	8	10	27	31	51	0
616	17/11/2004	2	12	16	24	26	54	0
617	20/11/2004	3	5	25	33	36	49	2
618	24/11/2004	3	8	10	13	24	60	0
619	27/11/2004	8	12	14	16	19	46	0
620	01/12/2004	1	3	13	22	29	32	0
621	04/12/2004	26	29	31	49	50	57	0
622	08/12/2004	19	27	29	38	50	59	0
623	11/12/2004	9	23	30	42	49	55	0
624	15/12/2004	8	23	34	39	43	52	1
625	18/12/2004	12	24	32	40	42	59	0
626	22/12/2004	7	8	18	22	39	49	0
627	29/12/2004	1	13	19	45	56	58	0
628	05/01/2005	8	16	22	30	56	58	1
629	08/01/2005	15	16	39	40	47	51	1
630	12/01/2005	12	16	20	45	53	60	0
631	15/01/2005	1	20	28	32	44	47	1
632	19/01/2005	2	19	28	48	51	54	0
633	22/01/2005	5	11	22	27	46	50	0
634	26/01/2005	10	13	24	41	42	56	0
635	29/01/2005	8	20	26	37	42	49	0
636	02/02/2005	26	28	30	32	34	50	0
637	05/02/2005	11	18	43	48	52	58	0
638	12/02/2005	10	11	36	41	42	50	0
639	16/02/2005	13	35	39	45	51	60	0
640	19/02/2005	12	19	42	46	59	60	0
641	23/02/2005	1	9	13	17	33	34	1
642	26/02/2005	17	36	40	44	51	56	0
643	02/03/2005	14	24	37	40	42	45	0
644	05/03/2005	14	27	29	31	34	57	0
645	09/03/2005	3	24	48	52	53	54	0
646	12/03/2005	10	13	32	47	49	60	0
647	16/03/2005	11	12	14	19	54	56	1
648	19/03/2005	5	23	29	42	45	48	3
649	23/03/2005	9	24	33	41	48	54	0
650	26/03/2005	10	24	25	29	53	59	0
651	30/03/2005	26	28	39	45	48	60	0
652	02/04/2005	10	18	20	24	56	57	0
653	06/04/2005	5	9	19	24	31	34	0
654	09/04/2005	6	10	11	40	41	56	1
655	13/04/2005	1	26	37	39	43	48	0
656	16/04/2005	35	36	37	46	51	59	0
657	20/04/2005	16	20	33	58	59	60	1
658	23/04/2005	3	6	11	20	36	41	0
659	27/04/2005	14	29	34	40	51	52	0
660	30/04/2005	5	11	38	46	53	54	0
661	04/05/2005	4	27	36	40	42	55	0
662	07/05/2005	4	18	23	25	56	60	0
663	11/05/2005	1	27	30	49	51	55	0
664	14/05/2005	1	12	36	38	55	59	0
665	18/05/2005	7	8	18	25	47	48	0
666	21/05/2005	7	16	26	29	45	55	0
667	25/05/2005	1	4	5	16	23	49	1
668	28/05/2005	1	2	14	33	49	56	0
669	01/06/2005	7	24	27	40	41	49	1
670	04/06/2005	22	37	42	48	58	59	0
671	08/06/2005	9	16	27	38	39	51	0
672	11/06/2005	24	28	34	38	43	53	0
673	15/06/2005	6	11	20	34	37	40	0
674	18/06/2005	18	22	29	32	38	42	0
675	22/06/2005	24	25	30	42	43	50	0
676	25/06/2005	9	15	32	41	42	49	0
677	29/06/2005	8	10	25	32	48	55	0
678	02/07/2005	14	31	40	42	44	46	0
679	06/07/2005	3	21	25	37	54	58	1
680	09/07/2005	2	3	5	22	26	44	0
681	13/07/2005	21	25	38	53	58	59	0
682	16/07/2005	4	27	36	37	47	60	0
683	20/07/2005	2	11	12	35	40	43	0
684	23/07/2005	17	19	33	37	40	50	0
685	27/07/2005	5	12	27	33	43	56	1
686	30/07/2005	4	5	15	26	33	54	0
687	03/08/2005	1	7	14	41	48	59	0
688	06/08/2005	11	21	30	35	47	52	0
689	10/08/2005	6	7	31	49	51	60	0
690	13/08/2005	8	12	15	41	47	53	0
691	17/08/2005	8	16	37	50	55	58	0
692	20/08/2005	11	18	33	57	58	60	0
693	24/08/2005	13	14	17	31	41	50	0
694	27/08/2005	15	19	29	37	41	53	0
695	31/08/2005	6	11	13	21	40	52	0
696	03/09/2005	9	16	34	37	53	57	2
697	10/09/2005	28	31	32	35	51	53	0
698	14/09/2005	8	12	22	27	43	55	0
699	19/09/2005	17	23	48	50	53	54	0
700	21/09/2005	2	3	14	24	31	40	0
701	24/09/2005	1	13	23	31	48	60	0
702	28/09/2005	1	18	45	56	57	58	0
703	01/10/2005	2	11	24	27	30	45	0
704	05/10/2005	2	4	18	27	34	50	0
705	08/10/2005	3	11	13	15	26	43	0
706	15/10/2005	2	7	10	17	22	60	0
707	19/10/2005	1	8	10	36	43	51	2
708	22/10/2005	7	9	13	39	45	47	0
709	26/10/2005	4	6	9	22	29	44	0
710	29/10/2005	5	25	34	39	46	49	0
711	05/11/2005	5	10	33	40	41	59	0
712	09/11/2005	7	8	35	43	53	58	0
713	12/11/2005	1	12	16	26	46	54	0
714	16/11/2005	7	8	17	35	39	53	0
715	19/11/2005	4	12	24	33	36	54	3
716	23/11/2005	2	7	16	29	32	50	1
717	26/11/2005	6	17	23	28	35	41	0
718	30/11/2005	7	21	33	35	39	58	0
719	03/12/2005	3	32	37	39	47	53	0
720	07/12/2005	12	31	44	51	54	56	0
721	10/12/2005	3	14	23	25	36	55	0
722	14/12/2005	9	18	36	44	57	60	0
723	17/12/2005	1	6	16	36	50	52	0
724	21/12/2005	17	27	34	48	51	55	0
725	31/12/2005	3	9	35	37	41	49	2
726	04/01/2006	1	5	7	37	40	47	0
727	07/01/2006	4	12	14	30	42	59	0
728	11/01/2006	8	13	24	32	42	44	0
729	14/01/2006	5	18	33	43	56	57	1
730	18/01/2006	2	15	16	45	50	54	0
731	21/01/2006	6	15	16	23	28	35	0
732	25/01/2006	6	17	19	49	50	53	0
733	28/01/2006	2	12	26	31	43	46	0
734	01/02/2006	27	29	43	44	45	54	1
735	04/02/2006	9	15	38	40	42	52	0
736	08/02/2006	1	21	38	41	49	56	0
737	11/02/2006	11	12	24	32	33	38	0
738	15/02/2006	14	15	26	30	42	54	0
739	18/02/2006	6	10	35	45	49	56	0
740	22/02/2006	12	16	28	29	47	50	1
741	25/02/2006	24	26	27	36	39	59	0
742	01/03/2006	2	7	17	34	41	50	0
743	04/03/2006	20	23	25	32	54	60	0
744	08/03/2006	4	12	23	26	39	46	0
745	11/03/2006	2	16	21	37	43	57	0
746	15/03/2006	1	10	12	25	49	57	2
747	18/03/2006	2	3	12	21	23	56	0
748	22/03/2006	1	2	7	19	35	51	0
749	25/03/2006	4	24	47	48	50	57	0
750	29/03/2006	10	17	33	42	54	58	0
751	01/04/2006	4	7	20	25	38	50	0
752	05/04/2006	4	23	24	25	29	42	0
753	08/04/2006	2	7	22	35	43	59	1
754	12/04/2006	3	4	13	34	42	50	0
755	15/04/2006	4	12	30	47	49	59	0
756	19/04/2006	5	27	37	38	41	50	0
757	22/04/2006	12	17	18	30	32	58	0
758	26/04/2006	1	23	36	43	47	59	0
759	29/04/2006	30	31	39	45	48	59	0
760	03/05/2006	12	17	44	45	46	60	0
761	06/05/2006	13	17	27	29	40	56	0
762	10/05/2006	9	12	21	37	39	54	0
763	13/05/2006	1	9	26	40	47	48	0
764	18/05/2006	3	7	45	47	53	55	1
765	21/05/2006	3	10	16	30	37	50	0
766	24/05/2006	1	19	24	42	50	58	0
767	27/05/2006	15	22	32	38	50	54	0
768	31/05/2006	4	8	30	33	37	59	1
769	03/06/2006	12	16	20	21	29	50	0
770	07/06/2006	4	12	25	34	35	48	0
771	10/06/2006	14	21	29	34	46	47	0
772	14/06/2006	10	35	38	51	52	60	0
773	17/06/2006	3	5	14	29	34	51	0
774	21/06/2006	5	10	37	46	54	58	1
775	24/06/2006	12	27	42	46	47	50	0
776	28/06/2006	3	15	35	41	57	60	0
777	01/07/2006	2	14	23	28	50	56	0
778	05/07/2006	20	31	36	37	45	51	0
779	08/07/2006	25	26	29	36	52	54	0
780	12/07/2006	7	10	28	50	51	59	0
781	15/07/2006	8	10	13	39	54	56	0
782	19/07/2006	2	11	23	35	42	59	0
783	22/07/2006	4	8	21	32	43	48	1
784	26/07/2006	8	27	37	42	53	56	0
785	29/07/2006	5	8	17	35	37	48	1
786	02/08/2006	10	11	26	27	31	41	0
787	05/08/2006	20	31	34	37	54	60	0
788	09/08/2006	17	19	29	31	44	57	0
789	12/08/2006	6	31	38	39	50	60	0
790	16/08/2006	2	6	19	22	28	43	0
791	19/08/2006	9	14	19	35	42	58	1
792	23/08/2006	9	29	34	43	45	56	0
793	26/08/2006	3	15	16	33	51	57	0
794	30/08/2006	3	38	42	47	55	56	0
795	02/09/2006	14	21	26	29	36	48	0
796	06/09/2006	5	19	24	34	39	43	0
797	09/09/2006	6	12	47	48	52	58	0
798	13/09/2006	3	4	9	29	32	52	0
799	16/09/2006	19	29	35	42	55	57	0
800	20/09/2006	1	7	11	37	38	56	0
801	23/09/2006	11	19	20	22	42	48	0
802	27/09/2006	6	14	18	24	48	60	0
803	30/09/2006	3	5	10	21	28	57	0
804	04/10/2006	3	13	37	47	56	59	1
805	07/10/2006	2	30	36	43	48	60	0
806	12/10/2006	18	26	35	41	47	60	0
807	14/10/2006	2	8	27	32	49	56	0
808	18/10/2006	2	15	21	31	46	57	0
809	21/10/2006	5	11	15	23	25	30	0
810	25/10/2006	1	4	5	33	37	48	0
811	28/10/2006	10	28	32	41	47	57	2
812	01/11/2006	11	13	38	39	54	57	0
813	04/11/2006	9	15	23	45	46	56	0
814	08/11/2006	2	8	11	41	46	50	0
815	11/11/2006	9	19	37	39	50	57	0
816	16/11/2006	20	21	30	40	47	52	0
817	18/11/2006	10	29	30	34	43	52	0
818	22/11/2006	8	9	22	25	41	44	0
819	25/11/2006	5	19	25	46	51	58	0
820	29/11/2006	10	17	21	32	45	46	2
821	02/12/2006	4	29	33	36	38	42	0
822	06/12/2006	4	10	17	27	41	52	0
823	09/12/2006	1	15	26	51	54	59	0
824	13/12/2006	6	7	9	20	33	48	0
825	16/12/2006	10	21	28	40	41	47	0
826	19/12/2006	6	7	8	27	45	53	0
827	21/12/2006	18	24	30	42	51	56	0
828	23/12/2006	23	28	38	42	50	53	0
829	31/12/2006	10	14	32	47	50	56	0
830	03/01/2007	2	13	41	49	51	53	0
831	06/01/2007	3	32	33	42	48	50	0
832	10/01/2007	15	17	23	33	39	49	1
833	13/01/2007	13	16	46	53	57	58	0
834	17/01/2007	10	16	17	34	44	51	1
835	20/01/2007	18	31	33	49	57	58	0
836	24/01/2007	17	22	28	38	52	59	0
837	27/01/2007	5	6	16	24	34	60	1
838	31/01/2007	9	23	30	38	44	47	0
839	03/02/2007	7	8	11	18	37	43	0
840	07/02/2007	17	29	31	35	43	59	0
841	10/02/2007	7	22	32	36	38	51	0
842	14/02/2007	7	9	30	44	51	60	0
843	17/02/2007	1	16	34	36	45	48	0
844	24/02/2007	16	24	34	44	54	57	0
845	28/02/2007	14	19	20	40	48	52	0
846	03/03/2007	2	3	44	47	50	54	0
847	07/03/2007	14	15	27	42	44	48	1
848	10/03/2007	17	27	32	34	47	56	1
849	14/03/2007	8	9	39	44	49	58	0
850	17/03/2007	7	22	25	44	59	60	0
851	21/03/2007	3	16	19	32	35	58	3
852	24/03/2007	6	14	23	34	38	44	0
853	28/03/2007	30	38	46	51	56	59	0
854	31/03/2007	3	17	24	25	27	44	0
855	04/04/2007	3	24	31	42	43	53	0
856	07/04/2007	11	15	40	41	42	47	0
857	11/04/2007	2	3	17	49	50	59	0
858	14/04/2007	4	18	23	31	37	54	2
859	18/04/2007	9	12	34	46	47	57	0
860	23/04/2007	2	8	17	22	42	44	0
861	25/04/2007	39	40	42	47	59	60	1
862	28/04/2007	2	8	11	12	19	35	1
863	02/05/2007	15	24	32	50	53	57	0
864	05/05/2007	8	11	31	33	42	57	0
865	09/05/2007	23	26	27	41	51	53	0
866	12/05/2007	5	27	36	40	46	48	0
867	16/05/2007	10	19	26	28	44	54	0
868	19/05/2007	21	22	25	40	51	57	0
869	23/05/2007	27	29	42	49	50	51	1
870	26/05/2007	8	21	34	40	43	52	0
871	30/05/2007	1	5	10	17	47	58	0
872	02/06/2007	5	18	31	43	55	58	0
873	06/06/2007	4	19	30	34	57	59	0
874	09/06/2007	10	20	42	44	52	59	0
875	13/06/2007	18	20	24	36	53	58	1
876	16/06/2007	4	8	12	41	45	60	0
877	20/06/2007	13	15	20	28	31	36	0
878	23/06/2007	11	12	37	38	43	54	0
879	27/06/2007	10	28	29	35	42	46	0
880	30/06/2007	25	30	37	46	49	51	0
881	04/07/2007	4	18	24	43	51	56	0
882	07/07/2007	17	41	42	44	45	60	1
883	11/07/2007	21	32	37	52	53	60	0
884	14/07/2007	2	11	12	14	22	39	0
885	18/07/2007	4	13	31	33	47	51	0
886	21/07/2007	17	33	37	50	55	59	0
887	25/07/2007	1	12	21	32	34	44	0
888	28/07/2007	24	40	50	52	54	60	1
889	01/08/2007	20	24	34	39	54	60	0
890	04/08/2007	7	9	17	21	22	54	0
891	08/08/2007	15	16	19	22	34	35	0
892	11/08/2007	1	19	42	44	49	52	0
893	15/08/2007	3	18	26	51	53	56	0
894	18/08/2007	20	24	28	37	41	44	0
895	22/08/2007	2	41	43	55	57	58	0
896	25/08/2007	5	11	22	31	35	41	0
897	29/08/2007	7	21	22	43	46	57	0
898	01/09/2007	3	4	8	30	45	54	2
899	05/09/2007	18	20	36	53	54	58	0
900	08/09/2007	4	18	21	34	38	59	1
901	12/09/2007	13	16	32	33	34	56	0
902	15/09/2007	18	23	50	52	55	58	0
903	19/09/2007	5	17	20	32	41	55	0
904	22/09/2007	32	44	48	51	53	59	0
905	26/09/2007	2	4	15	16	55	57	1
906	29/09/2007	7	14	24	29	35	39	1
907	03/10/2007	9	36	37	41	51	53	0
908	06/10/2007	1	9	19	25	50	52	0
909	10/10/2007	17	22	26	28	38	42	0
910	13/10/2007	3	15	27	29	36	53	0
911	17/10/2007	1	6	28	29	46	49	1
912	20/10/2007	4	19	21	26	29	54	0
913	24/10/2007	14	30	36	38	46	59	1
914	27/10/2007	9	12	23	33	45	51	0
915	31/10/2007	17	20	26	28	48	49	1
916	03/11/2007	5	28	33	36	37	38	0
917	07/11/2007	23	25	30	46	47	59	0
918	10/11/2007	4	8	12	38	44	52	0
919	14/11/2007	3	25	31	41	43	60	0
920	17/11/2007	5	17	24	52	55	57	0
921	21/11/2007	1	9	35	41	48	57	0
922	24/11/2007	12	13	19	41	45	49	0
923	28/11/2007	2	15	39	50	53	57	0
924	01/12/2007	2	20	21	27	51	60	0
925	05/12/2007	8	22	36	37	46	52	1
926	08/12/2007	21	33	34	40	41	59	0
927	12/12/2007	19	23	26	31	33	36	0
928	15/12/2007	4	10	32	33	49	60	1
929	19/12/2007	16	27	35	39	49	57	0
930	22/12/2007	20	28	37	46	49	55	0
931	31/12/2007	7	17	19	34	36	39	0
932	05/01/2008	2	17	21	36	42	53	1
933	09/01/2008	8	14	25	39	45	51	0
934	12/01/2008	1	3	21	25	44	48	0
935	16/01/2008	7	13	18	29	31	45	0
936	19/01/2008	5	14	22	29	33	44	2
937	23/01/2008	2	21	22	30	41	52	0
938	26/01/2008	15	27	35	50	57	59	0
939	30/01/2008	6	19	23	37	49	50	0
940	02/02/2008	5	25	31	33	37	51	0
941	06/02/2008	10	11	15	27	53	60	0
942	09/02/2008	5	8	18	42	52	59	0
943	13/02/2008	3	12	23	41	47	58	1
944	16/02/2008	16	37	43	52	58	59	0
945	20/02/2008	4	8	27	44	54	59	0
946	23/02/2008	1	5	12	47	52	59	0
947	27/02/2008	3	5	11	14	33	58	1
948	01/03/2008	22	41	44	46	52	54	0
949	05/03/2008	1	23	41	44	51	52	0
950	08/03/2008	23	41	42	48	49	59	0
951	12/03/2008	14	24	34	39	49	55	0
952	15/03/2008	2	11	18	27	30	54	0
953	19/03/2008	1	16	39	42	48	55	1
954	22/03/2008	5	8	18	24	33	57	0
955	26/03/2008	5	12	21	32	33	35	2
956	29/03/2008	46	47	51	54	57	59	1
957	02/04/2008	24	25	32	34	50	57	0
958	05/04/2008	7	13	22	33	48	51	3
959	09/04/2008	3	5	11	33	39	57	0
960	12/04/2008	6	18	19	33	34	53	0
961	16/04/2008	2	4	16	21	36	53	0
962	19/04/2008	2	11	40	48	49	55	1
963	23/04/2008	15	17	37	48	50	59	0
964	26/04/2008	8	13	20	26	33	42	0
965	30/04/2008	5	30	36	39	57	58	0
966	03/05/2008	1	4	26	28	41	58	0
967	07/05/2008	5	13	14	18	30	57	0
968	10/05/2008	1	4	13	30	51	60	0
969	14/05/2008	13	25	35	41	50	56	1
970	17/05/2008	5	21	28	34	54	57	3
971	21/05/2008	4	11	14	33	44	45	0
972	24/05/2008	15	18	31	33	34	56	3
973	28/05/2008	1	8	30	36	47	53	0
974	31/05/2008	12	16	20	31	38	45	0
975	04/06/2008	9	30	33	37	40	41	0
976	07/06/2008	14	23	25	28	38	53	0
977	11/06/2008	3	5	7	9	17	32	1
978	14/06/2008	12	16	18	27	42	58	0
979	18/06/2008	3	15	28	31	39	51	0
980	21/06/2008	15	17	29	35	36	59	0
981	25/06/2008	1	8	34	41	53	58	0
982	28/06/2008	8	12	24	40	43	49	0
983	02/07/2008	16	22	32	38	40	45	1
984	05/07/2008	4	10	20	43	46	47	0
985	09/07/2008	4	16	18	46	56	59	0
986	12/07/2008	6	15	19	24	31	32	0
987	16/07/2008	13	27	31	34	47	58	0
988	19/07/2008	8	17	46	48	56	60	0
989	23/07/2008	2	21	27	29	32	38	0
990	26/07/2008	2	10	15	18	29	39	2
991	30/07/2008	8	9	15	38	41	60	0
992	02/08/2008	1	4	6	8	25	28	0
993	06/08/2008	5	24	25	26	42	60	0
994	09/08/2008	3	20	29	40	44	58	0
995	13/08/2008	4	16	31	36	54	55	0
996	16/08/2008	7	15	20	21	23	29	2
997	20/08/2008	9	17	18	32	53	55	0
998	23/08/2008	3	4	21	22	28	32	0
999	27/08/2008	18	24	36	44	55	58	0
1000	30/08/2008	29	38	39	49	53	58	0
1001	03/09/2008	12	15	27	37	51	60	0
1002	06/09/2008	3	7	25	31	40	58	1
1003	10/09/2008	5	10	16	23	26	27	1
1004	13/09/2008	29	40	43	44	45	47	0
1005	17/09/2008	4	6	12	37	41	42	1
1006	20/09/2008	2	4	17	33	48	55	1
1007	24/09/2008	4	27	36	37	49	52	0
1008	27/09/2008	7	13	15	34	42	48	0
1009	01/10/2008	1	6	12	29	34	58	2
1010	04/10/2008	2	3	13	37	46	54	0
1011	08/10/2008	2	11	21	30	35	52	0
1012	11/10/2008	14	19	40	47	55	58	0
1013	15/10/2008	7	9	12	19	20	41	1
1014	18/10/2008	8	9	25	41	57	60	0
1015	22/10/2008	3	8	17	26	28	49	0
1016	25/10/2008	5	9	11	20	25	60	1
1017	29/10/2008	6	19	31	34	51	56	0
1018	01/11/2008	9	24	44	51	55	58	0
1019	05/11/2008	4	13	23	29	46	47	0
1020	08/11/2008	1	2	19	32	39	52	0
1021	12/11/2008	2	33	42	43	51	55	1
1022	16/11/2008	5	21	31	39	40	56	0
1023	19/11/2008	2	7	8	18	40	45	0
1024	22/11/2008	18	22	28	29	39	53	0
1025	26/11/2008	10	27	28	29	40	52	0
1026	29/11/2008	6	10	17	33	51	53	0
1027	03/12/2008	18	20	33	44	47	60	0
1028	06/12/2008	20	26	34	51	52	54	0
1029	10/12/2008	5	16	17	20	24	32	1
1030	13/12/2008	1	8	23	37	54	57	0
1031	17/12/2008	24	33	40	43	46	49	1
1032	20/12/2008	15	16	26	29	43	57	0
1033	24/12/2008	5	6	17	33	39	54	0
1034	27/12/2008	1	3	18	20	42	49	0
1035	31/12/2008	1	11	26	51	59	60	0
1036	03/01/2009	10	27	36	39	41	52	1
1037	07/01/2009	4	36	44	46	53	56	0
1038	10/01/2009	6	7	28	35	43	51	0
1039	14/01/2009	2	20	24	27	36	52	0
1040	17/01/2009	1	6	28	39	44	55	0
1041	21/01/2009	10	12	36	44	54	57	1
1042	24/01/2009	13	18	25	30	46	51	0
1043	28/01/2009	14	21	25	48	51	60	0
1044	31/01/2009	10	11	13	35	39	58	0
1045	04/02/2009	1	5	6	17	31	50	0
1046	07/02/2009	28	40	42	54	55	57	1
1047	11/02/2009	1	2	8	10	14	48	0
1048	14/02/2009	3	16	21	28	38	57	1
1049	18/02/2009	2	5	17	29	34	52	1
1050	21/02/2009	14	24	26	33	45	60	0
1051	25/02/2009	7	10	11	13	43	57	0
1052	28/02/2009	8	11	15	16	52	57	1
1053	04/03/2009	15	27	34	42	49	53	1
1054	07/03/2009	13	14	18	27	41	60	0
1055	11/03/2009	12	15	16	20	27	32	2
1056	14/03/2009	6	8	38	50	53	59	1
1057	18/03/2009	2	3	4	15	49	59	0
1058	21/03/2009	18	20	24	45	51	57	1
1059	25/03/2009	1	12	14	16	37	45	1
1060	28/03/2009	1	3	16	18	41	42	1
1061	01/04/2009	9	21	23	30	41	56	0
1062	04/04/2009	2	8	23	33	37	55	0
1063	08/04/2009	1	22	44	47	49	50	0
1064	11/04/2009	4	16	19	28	29	49	0
1065	15/04/2009	7	19	30	39	43	57	0
1066	18/04/2009	6	10	25	32	43	49	0
1067	22/04/2009	4	10	14	25	28	56	0
1068	25/04/2009	25	27	44	47	48	57	0
1069	29/04/2009	9	17	28	45	49	53	1
1070	02/05/2009	5	8	16	23	41	53	2
1071	06/05/2009	5	7	37	43	53	54	0
1072	09/05/2009	9	18	19	43	47	54	0
1073	13/05/2009	8	25	32	34	36	44	0
1074	16/05/2009	3	10	23	29	47	50	0
1075	20/05/2009	10	12	16	21	39	53	0
1076	23/05/2009	4	10	19	32	33	42	0
1077	27/05/2009	5	6	9	11	18	37	2
1078	30/05/2009	3	6	34	41	43	45	0
1079	03/06/2009	5	12	24	28	36	37	1
1080	06/06/2009	11	18	20	34	41	56	0
1081	10/06/2009	9	16	24	29	52	56	0
1082	13/06/2009	4	17	38	40	50	55	0
1083	17/06/2009	10	20	23	28	42	43	0
1084	20/06/2009	5	20	29	33	40	59	0
1085	24/06/2009	12	21	39	40	50	55	0
1086	27/06/2009	2	4	6	10	23	45	4
1087	01/07/2009	3	20	28	32	36	46	0
1088	04/07/2009	6	24	31	35	42	57	0
1089	08/07/2009	2	18	20	32	37	48	0
1090	11/07/2009	9	20	24	36	40	42	0
1091	15/07/2009	17	23	24	27	49	56	0
1092	18/07/2009	1	9	30	33	34	40	0
1093	22/07/2009	19	23	27	38	41	49	0
1094	25/07/2009	9	10	21	36	41	48	1
1095	29/07/2009	10	16	21	23	27	36	0
1096	01/08/2009	3	13	14	16	41	52	0
1097	05/08/2009	1	17	21	33	48	56	1
1098	08/08/2009	11	20	21	30	50	52	1
1099	12/08/2009	14	31	35	38	44	55	0
1100	15/08/2009	7	17	18	33	41	42	0
1101	19/08/2009	6	7	10	12	24	57	1
1102	22/08/2009	9	11	23	35	46	51	0
1103	26/08/2009	10	19	28	41	55	56	0
1104	29/08/2009	2	3	6	35	49	58	0
1105	02/09/2009	1	15	28	43	50	57	1
1106	05/09/2009	4	15	43	47	50	60	0
1107	09/09/2009	3	9	20	36	53	54	0
1108	12/09/2009	7	9	39	43	44	60	0
1109	16/09/2009	6	8	11	14	29	52	0
1110	19/09/2009	6	14	26	28	42	45	2
1111	23/09/2009	4	9	25	32	33	43	1
1112	26/09/2009	4	32	34	43	52	58	0
1113	30/09/2009	3	6	29	36	47	59	2
1114	03/10/2009	3	15	16	22	25	54	1
1115	07/10/2009	18	30	37	41	44	50	0
1116	10/10/2009	4	9	13	17	20	47	1
1117	14/10/2009	1	6	17	27	35	40	0
1118	17/10/2009	8	20	21	43	44	55	0
1119	21/10/2009	10	34	41	44	45	54	0
1120	24/10/2009	7	35	40	44	50	55	0
1121	28/10/2009	4	17	18	54	56	59	1
1122	31/10/2009	26	44	46	49	55	56	0
1123	04/11/2009	4	14	19	39	45	60	0
1124	07/11/2009	7	11	16	18	33	49	0
1125	11/11/2009	3	7	29	33	42	56	1
1126	14/11/2009	4	31	42	52	57	59	0
1127	18/11/2009	5	8	14	24	29	30	3
1128	21/11/2009	8	16	24	39	52	60	1
1129	25/11/2009	12	17	19	32	47	55	0
1130	28/11/2009	5	18	23	32	49	54	0
1131	02/12/2009	1	8	16	34	36	49	0
1132	05/12/2009	12	27	30	33	52	55	0
1133	09/12/2009	5	10	16	21	39	58	1
1134	12/12/2009	9	22	29	36	51	56	0
1135	16/12/2009	4	5	6	19	23	39	1
1136	19/12/2009	7	31	32	34	37	43	0
1137	22/12/2009	19	21	25	28	43	50	0
1138	24/12/2009	2	4	15	18	25	36	0
1139	26/12/2009	9	28	31	36	37	42	0
1140	31/12/2009	10	27	40	46	49	58	2
1141	02/01/2010	9	37	40	50	58	60	0
1142	06/01/2010	3	15	26	28	31	58	0
1143	09/01/2010	3	30	35	44	47	60	0
1144	13/01/2010	1	10	18	19	44	49	0
1145	16/01/2010	3	16	19	24	33	60	1
1146	20/01/2010	6	10	28	33	34	53	0
1147	23/01/2010	6	23	31	33	39	52	0
1148	27/01/2010	27	28	29	32	48	55	0
1149	30/01/2010	7	8	23	36	46	54	0
1150	03/02/2010	15	17	28	31	35	52	0
1151	06/02/2010	1	4	14	21	25	51	0
1152	10/02/2010	14	20	29	36	44	47	0
1153	13/02/2010	6	17	19	34	46	55	0
1154	17/02/2010	4	12	14	21	26	28	0
1155	20/02/2010	20	28	40	41	51	58	0
1156	24/02/2010	9	24	31	44	48	49	0
1157	27/02/2010	9	29	41	43	46	49	4
1158	03/03/2010	23	30	31	54	55	60	0
1159	06/03/2010	5	6	34	46	53	55	0
1160	10/03/2010	1	3	5	18	40	48	1
1161	13/03/2010	4	7	42	47	48	51	0
1162	17/03/2010	18	22	25	30	31	41	0
1163	20/03/2010	5	17	31	47	51	53	0
1164	24/03/2010	6	14	17	26	40	49	0
1165	27/03/2010	20	40	42	52	54	60	0
1166	31/03/2010	22	28	30	31	35	54	0
1167	03/04/2010	20	28	43	51	52	56	0
1168	07/04/2010	4	5	20	47	53	56	0
1169	10/04/2010	1	11	14	23	42	48	1
1170	14/04/2010	11	13	27	34	46	49	1
1171	17/04/2010	3	10	13	30	41	57	0
1172	20/04/2010	6	12	28	43	52	56	0
1173	24/04/2010	5	7	24	25	36	47	0
1174	28/04/2010	6	7	39	47	51	52	0
1175	30/04/2010	2	3	12	16	37	47	0
1176	05/05/2010	11	14	21	30	33	49	0
1177	08/05/2010	33	38	47	50	52	55	1
1178	12/05/2010	1	22	30	45	50	53	0
1179	15/05/2010	5	22	28	47	59	60	0
1180	19/05/2010	12	30	34	44	57	60	0
1181	22/05/2010	18	20	26	31	44	45	0
1182	26/05/2010	2	4	29	52	56	60	0
1183	29/05/2010	5	10	12	20	29	37	4
1184	02/06/2010	4	9	23	27	28	30	0
1185	05/06/2010	2	10	21	35	43	54	0
1186	09/06/2010	7	8	12	13	15	41	1
1187	12/06/2010	8	17	19	40	43	49	0
1188	16/06/2010	9	20	44	52	59	60	0
1189	19/06/2010	14	21	27	31	35	50	0
1190	23/06/2010	10	11	19	37	53	56	2
1191	26/06/2010	3	11	16	22	25	33	0
1192	30/06/2010	17	20	49	52	57	59	0
1193	03/07/2010	2	9	12	14	32	54	0
1194	07/07/2010	6	13	24	41	50	53	0
1195	10/07/2010	17	20	26	27	55	57	1
1196	14/07/2010	3	6	19	20	58	60	0
1197	17/07/2010	36	37	39	49	54	60	0
1198	21/07/2010	22	29	36	41	48	58	0
1199	24/07/2010	16	19	23	28	39	58	0
1200	28/07/2010	3	10	11	39	54	56	1
1201	31/07/2010	28	32	36	49	55	60	0
1202	04/08/2010	8	9	11	48	53	60	0
1203	07/08/2010	7	9	30	33	38	55	0
1204	11/08/2010	5	10	25	39	43	52	0
1205	14/08/2010	4	13	14	26	29	35	0
1206	18/08/2010	2	6	11	36	37	48	0
1207	21/08/2010	9	11	22	32	35	56	0
1208	25/08/2010	1	12	20	26	45	54	0
1209	28/08/2010	5	14	17	30	35	38	0
1210	01/09/2010	3	7	9	10	31	34	0
1211	04/09/2010	3	15	31	36	48	54	7
1212	08/09/2010	2	23	33	35	40	50	0
1213	11/09/2010	3	11	26	34	45	53	0
1214	15/09/2010	5	29	30	36	41	48	0
1215	18/09/2010	10	25	30	47	50	51	0
1216	22/09/2010	4	7	13	25	27	58	0
1217	25/09/2010	5	11	15	28	43	50	0
1218	29/09/2010	10	23	29	31	33	46	0
1219	02/10/2010	2	33	34	37	41	53	0
1220	06/10/2010	5	15	43	48	52	55	1
1221	09/10/2010	5	14	37	43	46	58	0
1222	13/10/2010	5	8	19	26	48	57	0
1223	16/10/2010	15	17	35	42	47	48	0
1224	20/10/2010	19	21	27	41	53	57	1
1225	23/10/2010	31	32	34	40	50	55	1
1226	27/10/2010	10	31	40	50	55	56	0
1227	30/10/2010	4	28	30	31	35	54	1
1228	03/11/2010	10	23	36	50	52	60	0
1229	06/11/2010	12	30	32	40	49	60	0
1230	10/11/2010	9	12	19	22	35	37	0
1231	13/11/2010	5	20	23	27	39	49	1
1232	17/11/2010	8	11	12	15	18	22	0
1233	20/11/2010	22	29	32	49	54	59	0
1234	24/11/2010	3	5	19	24	30	35	0
1235	27/11/2010	10	16	20	26	49	55	0
1236	01/12/2010	3	8	17	20	38	53	0
1237	04/12/2010	5	18	21	26	39	59	1
1238	08/12/2010	13	14	24	39	40	45	0
1239	11/12/2010	1	15	37	39	48	52	0
1240	15/12/2010	8	9	12	22	42	49	0
1241	18/12/2010	10	13	25	26	28	45	0
1242	20/12/2010	11	34	45	48	51	54	0
1243	22/12/2010	9	19	23	29	32	57	0
1244	24/12/2010	2	8	15	25	34	45	0
1245	31/12/2010	2	10	34	37	43	50	4
1246	05/01/2011	10	37	40	43	57	59	0
1247	08/01/2011	3	9	11	24	36	51	0
1248	12/01/2011	20	33	34	57	58	60	0
1249	15/01/2011	3	8	36	40	51	53	1
1250	19/01/2011	1	2	24	40	51	59	0
1251	22/01/2011	5	27	34	46	48	52	0
1252	26/01/2011	2	14	35	39	49	51	0
1253	29/01/2011	2	17	23	43	44	51	0
1254	02/02/2011	7	9	14	18	29	39	0
1255	05/02/2011	5	23	38	39	51	54	0
1256	09/02/2011	26	33	35	38	43	53	0
1257	12/02/2011	2	15	26	27	30	52	2
1258	16/02/2011	11	26	47	55	57	59	0
1259	19/02/2011	4	6	39	46	54	58	0
1260	23/02/2011	19	23	29	31	41	53	0
1261	26/02/2011	10	14	22	41	42	53	0
1262	02/03/2011	5	7	8	9	11	39	2
1263	05/03/2011	4	18	26	36	41	53	0
1264	09/03/2011	4	17	36	37	51	56	0
1265	12/03/2011	13	19	24	46	50	60	0
1266	16/03/2011	6	10	33	39	42	60	0
1267	19/03/2011	4	20	30	41	47	58	0
1268	23/03/2011	3	16	17	44	53	60	0
1269	26/03/2011	4	5	15	17	27	51	2
1270	30/03/2011	5	9	24	31	33	42	0
1271	02/04/2011	1	2	39	48	52	59	0
1272	06/04/2011	13	26	27	28	35	52	0
1273	09/04/2011	13	19	26	40	58	60	0
1274	13/04/2011	13	17	21	39	40	59	0
1275	16/04/2011	2	14	48	55	58	60	0
1276	20/04/2011	5	9	11	22	36	40	2
1277	23/04/2011	12	18	31	50	59	60	0
1278	27/04/2011	4	16	24	25	30	56	0
1279	30/04/2011	8	14	29	35	36	40	0
1280	04/05/2011	6	10	16	20	29	54	0
1281	07/05/2011	8	11	14	30	36	38	1
1282	11/05/2011	4	23	39	52	55	56	0
1283	14/05/2011	8	30	40	44	59	60	0
1284	18/05/2011	20	21	26	29	31	36	0
1285	21/05/2011	10	15	28	31	33	38	0
1286	25/05/2011	2	5	28	33	51	52	0
1287	28/05/2011	11	12	31	33	42	52	0
1288	01/06/2011	17	30	32	40	42	56	0
1289	04/06/2011	1	3	8	13	27	52	2
1290	08/06/2011	2	3	14	23	34	50	0
1291	11/06/2011	18	40	47	54	57	58	0
1292	15/06/2011	9	11	23	30	31	54	0
1293	18/06/2011	1	13	24	40	44	50	0
1294	22/06/2011	4	6	29	48	50	51	0
1295	25/06/2011	2	5	15	20	43	57	1
1296	29/06/2011	10	14	43	46	49	53	0
1297	02/07/2011	2	5	11	13	56	59	0
1298	06/07/2011	14	15	30	53	55	60	1
1299	09/07/2011	8	22	32	43	53	56	0
1300	13/07/2011	43	44	46	53	54	59	2
1301	16/07/2011	3	16	23	25	51	56	1
1302	20/07/2011	2	10	15	44	56	57	0
1303	23/07/2011	8	19	46	51	52	54	0
1304	27/07/2011	7	14	15	20	23	35	0
1305	30/07/2011	3	5	11	36	44	46	0
1306	03/08/2011	6	19	22	34	43	45	0
1307	06/08/2011	7	10	32	43	47	54	1
1308	09/08/2011	7	8	24	30	33	47	0
1309	11/08/2011	7	12	25	26	32	39	0
1310	13/08/2011	8	9	14	32	53	59	0
1311	17/08/2011	7	9	12	19	45	54	0
1312	20/08/2011	5	20	22	28	29	30	0
1313	24/08/2011	1	4	26	39	43	49	0
1314	27/08/2011	38	42	44	52	58	60	0
1315	31/08/2011	1	27	29	38	50	52	1
1316	03/09/2011	8	13	25	34	42	48	1
1317	08/09/2011	6	13	29	30	35	37	0
1318	10/09/2011	11	14	16	28	34	46	0
1319	14/09/2011	4	5	16	18	27	51	0
1320	17/09/2011	17	24	25	38	41	55	0
1321	21/09/2011	10	47	51	53	59	60	1
1322	24/09/2011	10	21	43	47	53	55	0
1323	28/09/2011	6	15	25	37	48	55	0
1324	01/10/2011	18	29	31	44	51	57	0
1325	05/10/2011	2	5	16	20	35	43	0
1326	08/10/2011	10	11	18	19	30	50	0
1327	13/10/2011	16	35	36	41	52	54	0
1328	15/10/2011	10	23	27	43	53	59	1
1329	19/10/2011	7	8	11	39	43	50	0
1330	22/10/2011	8	18	21	30	48	49	0
1331	26/10/2011	9	24	26	39	46	57	1
1332	29/10/2011	3	5	13	24	35	59	1
1333	03/11/2011	25	26	28	33	42	51	0
1334	05/11/2011	1	6	8	10	25	27	0
1335	09/11/2011	3	14	20	22	49	51	1
1336	12/11/2011	1	32	38	47	51	54	1
1337	16/11/2011	2	20	35	38	45	51	0
1338	19/11/2011	1	18	19	33	43	60	1
1339	23/11/2011	7	10	14	16	54	59	0
1340	26/11/2011	13	21	30	36	59	60	0
1341	30/11/2011	1	11	20	37	40	52	0
1342	03/12/2011	5	7	42	46	50	60	0
1343	07/12/2011	19	20	31	42	51	56	0
1344	10/12/2011	8	19	21	36	42	59	3
1345	14/12/2011	7	17	19	26	40	50	0
1346	17/12/2011	12	32	40	47	48	59	1
1347	20/12/2011	9	19	45	46	54	56	0
1348	22/12/2011	7	12	38	39	45	56	0
1349	24/12/2011	9	19	20	50	51	60	1
1350	31/12/2011	3	4	29	36	45	55	5
1351	04/01/2012	13	33	36	41	50	56	0
1352	07/01/2012	9	18	24	35	36	59	0
1353	11/01/2012	3	11	13	27	32	47	1
1354	14/01/2012	2	8	38	42	48	49	1
1355	18/01/2012	11	17	24	39	46	49	0
1356	21/01/2012	6	13	21	22	31	46	0
1357	25/01/2012	1	19	24	26	52	55	0
1358	28/01/2012	3	15	16	35	37	47	0
1359	01/02/2012	6	10	12	17	28	53	0
1360	04/02/2012	2	16	17	25	50	54	2
1361	08/02/2012	23	27	30	37	38	44	0
1362	11/02/2012	2	12	19	22	36	58	3
1363	15/02/2012	25	35	42	45	52	57	0
1364	18/02/2012	10	13	20	40	44	53	0
1365	22/02/2012	2	24	26	32	35	50	0
1366	25/02/2012	12	27	37	44	54	59	1
1367	01/03/2012	2	7	13	29	38	43	0
1368	03/03/2012	10	21	26	29	32	38	1
1369	07/03/2012	5	16	24	32	38	46	0
1370	10/03/2012	2	4	5	27	49	59	2
1371	14/03/2012	3	4	8	11	47	49	0
1372	17/03/2012	3	36	40	46	58	60	0
1373	21/03/2012	7	27	39	52	55	57	1
1374	24/03/2012	6	21	28	31	33	43	0
1375	28/03/2012	14	25	28	45	53	58	2
1376	31/03/2012	9	11	21	49	53	54	0
1377	04/04/2012	2	5	12	13	25	35	1
1378	07/04/2012	2	5	17	18	54	59	0
1379	11/04/2012	5	12	36	45	50	58	0
1380	14/04/2012	3	14	52	55	57	60	0
1381	18/04/2012	11	27	30	40	44	57	1
1382	20/04/2012	5	13	16	17	27	55	0
1383	25/04/2012	7	9	23	44	46	55	0
1384	28/04/2012	2	18	30	31	45	56	2
1385	02/05/2012	27	35	36	37	42	59	1
1386	05/05/2012	12	28	38	39	51	56	0
1387	09/05/2012	18	27	32	43	50	52	0
1388	12/05/2012	22	29	31	43	50	54	0
1389	16/05/2012	1	16	28	39	44	57	1
1390	19/05/2012	4	19	27	28	29	31	2
1391	23/05/2012	7	12	19	34	40	53	0
1392	26/05/2012	2	8	12	28	33	43	0
1393	30/05/2012	4	18	24	28	39	44	1
1394	02/06/2012	11	16	24	35	46	50	0
1395	06/06/2012	5	11	17	19	44	48	0
1396	09/06/2012	29	48	52	54	55	58	0
1397	13/06/2012	3	4	7	15	27	56	0
1398	16/06/2012	14	32	33	40	42	51	0
1399	20/06/2012	34	39	43	56	57	60	2
1400	23/06/2012	9	26	34	43	53	54	0
1401	27/06/2012	11	12	25	33	48	54	1
1402	30/06/2012	2	9	10	21	27	38	0
1403	04/07/2012	13	16	20	26	39	42	0
1404	07/07/2012	7	8	27	31	32	51	0
1405	11/07/2012	3	14	17	32	37	39	1
1406	14/07/2012	7	10	17	24	38	57	0
1407	18/07/2012	18	29	31	42	43	53	0
1408	21/07/2012	4	19	20	24	39	43	0
1409	25/07/2012	6	19	26	47	50	58	0
1410	28/07/2012	18	29	40	42	50	54	0
1411	01/08/2012	8	12	32	44	46	48	2
1412	04/08/2012	6	8	24	37	41	45	1
1413	07/08/2012	13	15	33	45	54	55	0
1414	09/08/2012	21	37	44	46	49	57	0
1415	11/08/2012	26	36	40	46	49	51	0
1416	15/08/2012	3	19	22	24	35	49	2
1417	18/08/2012	5	12	45	52	56	59	4
1418	22/08/2012	7	8	10	12	27	56	0
1419	25/08/2012	17	21	30	48	52	58	0
1420	29/08/2012	2	11	16	18	36	45	0
1421	01/09/2012	19	31	39	44	53	59	1
1422	05/09/2012	2	5	13	17	39	44	1
1423	08/09/2012	3	8	21	25	27	43	3
1424	12/09/2012	3	7	15	29	38	60	0
1425	15/09/2012	7	16	29	36	38	50	1
1426	19/09/2012	6	15	18	24	30	44	0
1427	22/09/2012	8	39	44	47	53	56	0
1428	26/09/2012	7	15	19	34	37	55	1
1429	29/09/2012	9	12	22	39	48	60	0
1430	03/10/2012	2	19	22	30	46	52	0
1431	06/10/2012	5	9	13	33	40	54	0
1432	10/10/2012	16	24	25	42	45	59	0
1433	13/10/2012	4	13	14	40	46	52	1
1434	17/10/2012	3	18	22	34	55	58	2
1435	20/10/2012	4	15	45	47	50	52	0
1436	24/10/2012	1	13	23	24	30	57	0
1437	27/10/2012	22	23	26	37	38	48	0
1438	31/10/2012	7	14	31	33	36	49	2
1439	03/11/2012	2	34	35	42	43	55	0
1440	07/11/2012	2	6	28	36	51	56	1
1441	10/11/2012	17	29	36	38	53	56	0
1442	14/11/2012	12	13	20	30	34	49	0
1443	17/11/2012	12	20	32	48	52	54	0
1444	21/11/2012	2	5	27	28	48	55	0
1445	24/11/2012	5	19	32	41	49	58	1
1446	28/11/2012	6	13	24	32	40	51	1
1447	01/12/2012	1	19	28	33	39	41	0
1448	05/12/2012	1	25	29	36	56	60	0
1449	08/12/2012	2	6	18	30	52	56	0
1450	12/12/2012	26	27	31	38	44	45	0
1451	15/12/2012	2	10	11	33	52	57	0
1452	18/12/2012	2	14	28	50	57	58	0
1453	20/12/2012	6	13	25	32	47	57	0
1454	22/12/2012	4	27	29	41	48	52	0
1455	31/12/2012	14	32	33	36	41	52	3
1456	02/01/2013	6	8	14	26	36	40	0
1457	05/01/2013	15	16	34	42	46	59	0
1458	09/01/2013	2	4	16	33	44	51	0
1459	12/01/2013	2	6	30	34	35	52	1
1460	16/01/2013	4	14	27	38	50	52	0
1461	19/01/2013	31	36	44	47	49	54	0
1462	23/01/2013	5	9	25	27	38	40	1
1463	26/01/2013	13	22	28	29	40	48	0
1464	30/01/2013	2	24	32	50	54	59	0
1465	02/02/2013	6	11	16	26	44	53	0
1466	06/02/2013	4	6	13	34	37	51	1
1467	09/02/2013	23	24	26	41	52	53	1
1468	13/02/2013	1	2	10	19	20	37	1
1469	16/02/2013	4	13	35	54	56	58	0
1470	20/02/2013	2	34	36	38	51	55	2
1471	23/02/2013	10	25	33	36	40	58	0
1472	27/02/2013	12	18	23	25	45	50	0
1473	02/03/2013	2	12	33	57	58	60	0
1474	06/03/2013	1	2	3	11	28	43	1
1475	09/03/2013	12	13	37	44	48	51	1
1476	13/03/2013	4	10	26	37	47	57	0
1477	16/03/2013	3	4	46	50	56	59	0
1478	20/03/2013	10	27	37	40	47	55	0
1479	23/03/2013	21	48	50	54	57	60	0
1480	27/03/2013	9	14	21	26	36	52	1
1481	30/03/2013	17	27	28	40	44	55	0
1482	03/04/2013	6	9	11	34	41	53	0
1483	06/04/2013	1	35	39	53	55	56	0
1484	10/04/2013	17	20	24	29	49	53	0
1485	13/04/2013	4	27	30	36	54	59	0
1486	17/04/2013	1	6	10	34	40	54	1
1487	20/04/2013	4	9	17	23	28	53	0
1488	24/04/2013	4	22	25	38	45	51	1
1489	27/04/2013	1	15	24	26	28	48	1
1490	02/05/2013	1	3	31	32	43	52	0
1491	04/05/2013	6	26	45	50	56	60	0
1492	08/05/2013	4	9	18	44	46	48	1
1493	11/05/2013	7	12	24	27	30	49	2
1494	15/05/2013	2	14	24	28	35	50	0
1495	18/05/2013	4	13	14	44	49	57	0
1496	22/05/2013	14	18	28	41	47	54	0
1497	25/05/2013	4	5	7	27	45	58	0
1498	29/05/2013	6	11	27	40	46	49	0
1499	01/06/2013	8	22	26	33	37	54	1
1500	05/06/2013	10	18	31	43	57	59	1
1501	08/06/2013	1	7	13	29	37	54	1
1502	12/06/2013	6	22	43	51	52	57	0
1503	15/06/2013	3	4	16	22	36	42	0
1504	19/06/2013	2	10	12	30	41	42	0
1505	22/06/2013	1	2	6	9	16	32	0
1506	26/06/2013	3	14	18	34	42	49	0
1507	29/06/2013	24	46	50	51	52	56	0
1508	03/07/2013	17	18	30	35	39	58	2
1509	06/07/2013	1	6	27	46	51	59	0
1510	10/07/2013	1	8	17	44	46	53	1
1511	13/07/2013	4	8	17	29	31	45	0
1512	17/07/2013	11	28	35	42	46	58	0
1513	20/07/2013	17	28	31	56	57	58	0
1514	24/07/2013	16	17	23	42	59	60	1
1515	27/07/2013	4	13	14	18	49	59	1
1516	31/07/2013	4	18	20	34	45	60	1
1517	03/08/2013	7	17	38	45	52	56	0
1518	06/08/2013	8	9	28	41	48	55	0
1519	08/08/2013	5	6	15	23	56	59	0
1520	10/08/2013	7	31	35	36	46	48	0
1521	14/08/2013	11	14	18	30	33	39	1
1522	17/08/2013	5	8	23	32	33	56	0
1523	21/08/2013	22	25	31	39	41	44	0
1524	24/08/2013	2	12	40	46	52	53	0
1525	28/08/2013	2	26	30	35	46	54	0
1526	31/08/2013	10	16	28	47	51	59	1
1527	04/09/2013	16	32	36	42	44	48	0
1528	06/09/2013	4	13	15	19	36	58	0
1529	11/09/2013	11	15	17	34	35	49	1
1530	14/09/2013	10	16	28	33	48	53	2
1531	18/09/2013	12	13	24	41	42	44	0
1532	21/09/2013	2	11	23	31	42	44	3
1533	25/09/2013	13	21	29	34	47	57	0
1534	28/09/2013	1	12	28	29	34	48	1
1535	02/10/2013	8	9	25	41	54	55	0
1536	05/10/2013	13	18	29	32	50	58	0
1537	09/10/2013	6	10	33	50	51	56	1
1538	11/10/2013	23	27	35	52	53	57	1
1539	16/10/2013	8	10	20	26	49	58	0
1540	19/10/2013	3	17	27	32	47	54	0
1541	23/10/2013	5	24	37	44	49	58	0
1542	26/10/2013	7	11	12	30	39	57	0
1543	30/10/2013	7	15	20	23	30	41	0
1544	01/11/2013	2	21	30	35	45	50	0
1545	06/11/2013	4	6	11	24	45	48	1
1546	09/11/2013	4	17	38	44	53	60	0
1547	13/11/2013	2	9	10	18	21	28	1
1548	16/11/2013	19	41	42	44	47	54	0
1549	20/11/2013	10	12	16	20	32	53	1
1550	23/11/2013	9	13	21	27	36	56	1
1551	27/11/2013	2	15	19	21	23	38	1
1552	30/11/2013	7	18	24	26	39	46	0
1553	04/12/2013	20	21	22	29	46	60	0
1554	07/12/2013	30	32	49	50	52	53	0
1555	11/12/2013	2	5	23	33	52	59	0
1556	14/12/2013	1	4	7	10	11	52	0
1557	17/12/2013	4	16	18	31	45	46	0
1558	19/12/2013	7	15	17	31	42	54	0
1559	21/12/2013	8	12	16	29	37	58	1
1560	31/12/2013	20	30	36	38	47	53	4
1561	02/01/2014	23	26	28	54	55	60	0
1562	04/01/2014	10	12	23	37	47	51	0
1563	09/01/2014	1	6	13	20	36	43	1
1564	11/01/2014	25	38	44	46	53	54	1
1565	15/01/2014	18	37	39	41	43	51	0
1566	18/01/2014	5	6	11	32	36	60	1
1567	22/01/2014	2	15	30	38	48	53	0
1568	25/01/2014	19	24	25	28	42	58	0
1569	29/01/2014	5	15	18	31	42	53	0
1570	01/02/2014	15	18	24	42	46	56	0
1571	05/02/2014	3	29	32	46	55	60	0
1572	08/02/2014	20	27	42	45	46	47	0
1573	12/02/2014	7	16	21	35	36	38	0
1574	15/02/2014	6	27	28	33	46	48	0
1575	19/02/2014	1	4	5	14	45	56	1
1576	22/02/2014	13	15	21	26	30	46	0
1577	26/02/2014	11	14	25	32	51	59	1
1578	01/03/2014	3	6	30	37	53	56	0
1579	05/03/2014	25	34	40	49	51	60	0
1580	08/03/2014	1	6	14	17	33	36	2
1581	12/03/2014	14	15	25	30	31	34	0
1582	15/03/2014	1	4	13	17	38	48	1
1583	19/03/2014	2	9	17	18	45	47	0
1584	22/03/2014	3	22	27	28	50	54	0
1585	26/03/2014	2	43	47	48	49	55	0
1586	29/03/2014	8	39	43	46	47	58	0
1587	02/04/2014	8	19	21	30	52	56	0
1588	05/04/2014	23	29	32	36	45	49	2
1589	09/04/2014	4	5	11	19	41	51	0
1590	12/04/2014	7	20	34	40	44	55	0
1591	16/04/2014	4	10	23	33	38	55	1
1592	19/04/2014	31	36	38	41	42	49	0
1593	23/04/2014	4	9	17	18	21	38	1
1594	26/04/2014	6	7	8	23	43	53	0
1595	30/04/2014	2	5	8	42	46	59	2
1596	03/05/2014	1	5	7	10	12	45	1
1597	07/05/2014	5	10	16	44	50	52	0
1598	10/05/2014	29	31	36	42	47	53	0
1599	14/05/2014	3	10	15	35	36	58	1
1600	17/05/2014	9	23	32	35	46	57	1
1601	21/05/2014	8	10	24	45	56	60	0
1602	24/05/2014	8	12	22	35	40	44	1
1603	28/05/2014	13	20	27	31	53	60	0
1604	31/05/2014	2	21	24	27	40	51	0
1605	04/06/2014	9	19	21	30	31	42	0
1606	07/06/2014	1	15	37	42	46	54	1
1607	11/06/2014	7	31	32	41	51	52	0
1608	14/06/2014	5	6	17	43	54	59	0
1609	18/06/2014	2	6	13	26	53	60	0
1610	21/06/2014	1	4	9	35	36	53	0
1611	25/06/2014	24	28	47	50	51	58	0
1612	28/06/2014	6	13	17	36	42	51	2
1613	02/07/2014	4	18	31	44	46	49	0
1614	05/07/2014	14	17	21	27	43	49	1
1615	09/07/2014	5	20	26	31	33	44	0
1616	12/07/2014	28	31	40	42	46	58	0
1617	16/07/2014	3	23	26	31	47	54	2
1618	19/07/2014	9	20	24	43	51	52	1
1619	23/07/2014	5	8	17	42	46	47	0
1620	26/07/2014	13	23	27	34	38	57	0
1621	30/07/2014	10	22	24	38	39	49	1
1622	02/08/2014	4	5	7	21	45	53	0
1623	05/08/2014	33	43	49	50	56	59	0
1624	07/08/2014	2	27	32	41	47	58	0
1625	09/08/2014	11	22	36	40	45	52	0
1626	13/08/2014	3	5	14	35	43	52	0
1627	16/08/2014	20	26	32	41	45	57	1
1628	20/08/2014	26	29	34	38	50	60	0
1629	23/08/2014	4	20	24	35	47	59	0
1630	27/08/2014	1	7	30	43	44	54	0
1631	30/08/2014	4	29	44	47	48	60	0
1632	03/09/2014	6	18	24	27	56	59	1
1633	06/09/2014	1	2	11	13	36	49	0
1634	10/09/2014	9	10	23	33	44	51	1
1635	13/09/2014	8	23	28	30	32	51	0
1636	17/09/2014	19	26	33	35	51	52	0
1637	20/09/2014	1	5	24	47	55	56	0
1638	24/09/2014	1	2	38	41	42	58	0
1639	27/09/2014	16	29	34	35	49	51	2
1640	01/10/2014	2	6	18	23	31	46	2
1641	04/10/2014	23	29	30	33	46	51	0
1642	08/10/2014	3	23	42	43	47	60	0
1643	11/10/2014	16	19	20	28	37	60	0
1644	15/10/2014	10	13	16	22	34	60	0
1645	18/10/2014	8	18	21	31	37	38	0
1646	22/10/2014	19	23	34	40	41	58	0
1647	25/10/2014	12	17	23	38	53	54	1
1648	29/10/2014	15	16	18	20	22	48	0
1649	01/11/2014	24	33	38	42	44	54	0
1650	05/11/2014	17	23	29	38	57	60	0
1651	08/11/2014	8	27	35	38	41	44	0
1652	12/11/2014	7	24	26	28	44	57	0
1653	14/11/2014	1	21	22	27	32	45	0
1654	19/11/2014	7	16	33	42	50	58	0
1655	22/11/2014	7	24	28	46	53	56	2
1656	26/11/2014	4	6	11	43	54	56	0
1657	29/11/2014	7	10	14	37	45	54	1
1658	03/12/2014	7	11	19	23	40	49	1
1659	06/12/2014	4	10	20	33	37	49	0
1660	10/12/2014	8	17	34	38	42	51	1
1661	13/12/2014	13	16	27	43	48	58	0
1662	17/12/2014	10	14	25	29	33	57	2
1663	20/12/2014	18	20	27	40	49	55	0
1664	24/12/2014	8	21	23	29	36	48	1
1665	31/12/2014	1	5	11	16	20	56	4
1666	03/01/2015	1	2	23	27	45	51	0
1667	07/01/2015	7	12	24	44	51	56	1
1668	10/01/2015	5	40	47	52	55	57	0
1669	14/01/2015	28	29	31	45	48	49	0
1670	17/01/2015	1	17	19	30	33	47	0
1671	21/01/2015	21	27	31	45	55	56	0
1672	24/01/2015	1	3	5	10	20	42	1
1673	28/01/2015	5	10	23	24	35	47	0
1674	31/01/2015	22	30	42	50	58	59	0
1675	04/02/2015	3	18	34	35	36	56	1
1676	07/02/2015	1	2	11	37	48	51	0
1677	11/02/2015	10	15	28	33	51	52	2
1678	14/02/2015	9	11	17	19	35	52	0
1679	18/02/2015	1	2	27	28	46	47	1
1680	21/02/2015	23	37	38	46	47	51	1
1681	25/02/2015	1	6	8	11	33	50	1
1682	28/02/2015	7	13	35	37	39	51	0
1683	04/03/2015	4	12	32	33	34	48	1
1684	07/03/2015	9	12	18	31	39	50	0
1685	11/03/2015	3	18	31	39	46	51	0
1686	14/03/2015	9	14	37	44	46	55	3
1687	18/03/2015	15	24	37	46	49	58	1
1688	21/03/2015	18	23	30	32	42	56	0
1689	25/03/2015	2	5	13	27	41	53	2
1690	28/03/2015	21	24	26	35	45	53	0
1691	01/04/2015	1	10	24	39	45	58	0
1692	04/04/2015	11	13	14	27	44	56	0
1693	08/04/2015	5	15	18	19	21	38	0
1694	11/04/2015	20	29	34	37	45	57	1
1695	15/04/2015	24	36	38	43	44	58	0
1696	18/04/2015	1	12	17	31	37	46	1
1697	22/04/2015	8	23	30	51	53	58	0
1698	25/04/2015	11	13	24	28	44	45	0
1699	29/04/2015	1	6	10	30	33	38	0
1700	02/05/2015	15	18	41	48	50	58	1
1701	05/05/2015	3	9	18	32	40	56	1
1702	07/05/2015	17	19	33	35	39	52	1
1703	09/05/2015	3	23	26	35	39	49	0
1704	13/05/2015	1	7	11	32	51	59	0
1705	16/05/2015	25	27	29	37	50	51	0
1706	20/05/2015	12	31	34	36	48	56	1
1707	23/05/2015	7	16	20	27	36	52	0
1708	27/05/2015	17	29	32	38	45	50	0
1709	30/05/2015	7	19	30	35	42	47	0
1710	03/06/2015	7	21	28	56	58	59	0
1711	06/06/2015	22	26	38	39	45	50	0
1712	10/06/2015	2	12	19	29	50	59	0
1713	13/06/2015	3	10	16	23	27	29	2
1714	17/06/2015	2	8	24	36	51	52	0
1715	20/06/2015	16	20	35	40	53	60	0
1716	24/06/2015	2	25	36	41	42	53	1
1717	27/06/2015	2	9	16	37	44	58	0
1718	01/07/2015	4	30	31	32	47	53	0
1719	04/07/2015	1	22	31	34	44	54	0
1720	07/07/2015	18	23	31	39	49	57	0
1721	09/07/2015	4	12	19	33	36	38	1
1722	11/07/2015	9	23	39	41	49	58	0
1723	15/07/2015	14	27	30	46	52	60	0
1724	18/07/2015	27	33	37	39	58	60	0
1725	22/07/2015	16	18	26	30	31	34	0
1726	25/07/2015	3	10	42	49	54	57	0
1727	29/07/2015	4	6	19	20	40	41	1
1728	01/08/2015	3	8	28	39	42	59	0
1729	04/08/2015	7	14	23	43	44	53	0
1730	06/08/2015	1	10	17	24	42	51	2
1731	08/08/2015	5	18	27	43	49	59	0
1732	12/08/2015	25	34	38	45	53	60	1
1733	15/08/2015	3	5	9	14	41	46	1
1734	19/08/2015	12	17	25	29	41	52	0
1735	22/08/2015	6	16	33	34	45	46	0
1736	26/08/2015	12	13	24	29	32	41	0
1737	29/08/2015	5	8	42	50	51	59	0
1738	02/09/2015	12	28	37	46	48	53	1
1739	05/09/2015	9	10	17	32	34	46	0
1740	09/09/2015	10	15	25	38	47	53	0
1741	12/09/2015	15	18	20	32	48	49	1
1742	16/09/2015	11	19	21	23	27	52	0
1743	19/09/2015	4	10	29	31	34	35	0
1744	23/09/2015	9	12	14	29	42	56	0
1745	26/09/2015	9	13	18	47	52	60	0
1746	30/09/2015	6	18	37	40	41	58	0
1747	03/10/2015	6	33	34	48	53	59	2
1748	07/10/2015	2	10	13	41	49	53	0
1749	10/10/2015	3	13	14	29	33	43	0
1750	13/10/2015	15	17	20	31	41	48	0
1751	15/10/2015	15	22	23	42	51	57	0
1752	17/10/2015	9	36	37	53	55	60	0
1753	21/10/2015	8	15	29	35	45	54	1
1754	24/10/2015	20	27	30	31	40	53	0
1755	28/10/2015	2	5	8	18	30	48	0
1756	31/10/2015	6	13	14	28	35	45	0
1757	04/11/2015	13	25	28	37	43	56	0
1758	07/11/2015	6	11	16	23	36	42	0
1759	10/11/2015	2	14	21	22	51	60	0
1760	13/11/2015	10	24	25	36	47	48	0
1761	14/11/2015	9	10	36	50	53	55	0
1762	18/11/2015	26	32	42	45	55	59	0
1763	21/11/2015	9	12	15	21	31	36	0
1764	25/11/2015	6	7	29	39	41	55	1
1765	28/11/2015	1	6	28	37	56	58	0
1766	02/12/2015	22	23	41	46	53	60	0
1767	05/12/2015	16	26	35	39	44	45	0
1768	09/12/2015	5	7	11	34	35	50	0
1769	12/12/2015	32	37	44	47	54	60	0
1770	16/12/2015	11	26	27	30	34	41	0
1771	19/12/2015	2	20	27	28	32	38	0
1772	22/12/2015	12	19	27	39	41	45	2
1773	24/12/2015	15	30	39	41	45	59	0
1774	26/12/2015	1	12	20	30	52	60	0
1775	31/12/2015	2	18	31	42	51	56	6
1776	02/01/2016	10	11	14	19	39	48	0
1777	06/01/2016	4	19	38	44	52	55	0
1778	09/01/2016	4	10	38	40	45	48	0
1779	12/01/2016	12	25	30	39	56	57	0
1780	14/01/2016	6	20	22	31	33	34	0
1781	16/01/2016	1	8	22	49	52	53	2
1782	20/01/2016	6	18	34	47	52	57	0
1783	23/01/2016	4	6	16	18	21	38	0
1784	27/01/2016	4	15	26	30	54	55	0
1785	30/01/2016	5	11	27	41	42	54	0
1786	02/02/2016	2	6	8	21	25	34	0
1787	04/02/2016	1	5	13	25	26	29	2
1788	06/02/2016	3	13	42	45	56	59	0
1789	10/02/2016	6	25	43	57	58	59	0
1790	13/02/2016	11	13	26	27	28	50	0