12005
31199
11851
23234
14616
28686
7608
973
4167
19163
26242
12051
18882
1986
8716
6913
19093
22187
25445
26102
28919
12550
16913
32245
5418
26394
525
14494
4515
6042
32013
10076
5739
17786
12552
31711
19397
0
6134
4301
2065
20766
11481
27316
7408
26111
16890
17732
32681
9696
3189
187
20684
11041
2295
928
1813
21148
7623
25780
16786
21813
7683
28966
1288
8114
4653
25350
26772
23758
27110
23548
30094
25992
31480
30778
16050
3009
29082
3503
29314
29446
5616
27517
27878
27563
2770
11694
3094
1049
27086
31010
19641
17512
24688
13260
29007
18481
12992
3359
14540
10909
18189
27330
26757
30914
7913
3467
11600
7728
24949
683
6119
32710
23263
13606
14478
14539
5416
13191
7670
11834
28203
32209
15200
27740
20187
28600
31237
668
26572
6929
31158
20888
5877
9864
17600
32628
23220
1169
31506
1651
30226
5793
14498
4552
10825
4253
15116
7337
10627
12435
2684
1958
9957
7848
10703
6201
10188
2385
4597
5790
31318
20934
31898
32228
29989
23732
16901
29253
25695
23346
20032
29107
18425
8183
29049
29363
18230
21706
4008
25966
32106
9273
29554
19205
1028
11150
18509
22310
24011
18687
32742
20445
10088
6693
9920
8108
12581
16048
27677
19933
26100
13144
24865
20759
9139
22807
13109
28720
26798
31893
26026
9538
31334
29156
20126
14081
27025
6253
23332
31819
5985
23338
24223
32257
8201
278
29039
27414
20094
25058
8912
4837
32122
21226
510
22984
2503
24679
17054
23526
14778
9958
89
12876
15870
24825
26058
3648
12178
32044
15002
7889
12053
20538
7401
29875
2370
14209
27120
22602
1207
16308
6629
17925
15610
9168
4895
1261
11965
14417
14459
2942
22881
5797
14078
9909
6586
7393
22204
5994
8722
5555
21240
6624
13168
7319
32140
2971
31770
4686
12684
9073
16216
13709
22822
28644
10875
13298
2764
4015
31518
18235
406
22687
23212
12986
29921
24740
4898
13572
4925
7464
278
16874
9350
3231
26361
6314
5968
7776
1433
2662
32136
19635
7657
1236
15449
7467
16389
13624
29517
31542
2929
22415
24245
8434
17569
1549
14666
578
25535
7370
24852
28194
168
1465
17291
23095
16440
217
21757
3242
9927
15535
5935
6199
29683
21235
29511
24193
27552
32138
27369
3241
12350
6068
25761
17950
4683
16263
6017
29111
31000
11164
23051
23807
18639
2312
22609
10704
27061
30093
30042
14883
21677
27154
23496
3622
18686
10577
440
18575
3925
1744
9194
19760
28174
6674
31778
11724
12975
12814
14029
22826
29877
7392
27624
16487
30100
6079
7966
26256
16889
31535
2864
3697
30802
30583
15514
31399
22672
30038
16244
29693
299
28402
25750
2549
32103
21777
25087
16804
2263
21643
21112
9923
11295
4096
22644
29444
5885
8646
26683
16290
23435
31269
32071
30012
28350
28103
16110
28131
4659
2154
22594
32114
2859
30680
1846
21533
19156
8985
9986
28493
27594
16871
14792
3244
10461
2146
13687
21371
12565
15109
6128
10284
31987
16089
1639
24109
2298
31208
31756
15362
6510
6133
19435
1430
27484
1898
31249
211
30426
17042
12273
10352
9872
14600
20486
266
10359
28016
27833
17527
15329
7012
9860
22359
8378
31153
13656
15595
3085
27844
8508
32043
17865
15711
28216
12562
21446
10129
16241
10557
22019
21988
13717
25268
30770
7384
3193
15880
7286
2704
15361
11422
9067
7884
8257
18506
30055
16151
27873
2335
12543
15170
28614
3462
8909
30224
26350
10382
27249
1587
28060
10883
28886
25463
17590
6082
5047
29758
31339
16843
10849
3884
13592
30360
18362
17699
9581
14894
23938
1906
25548
15985
9433
32329
15601
3388
28673
9073
12760
6321
18790
30009
11995
9678
987
21940
15900
17729
8231
27169
14626
20094
11200
3755
15815
4366
31958
12883
27217
12330
28563
12074
9439
23688
2210
29379
29191
24693
8430
2792
7869
12836
32428
27276
16758
70
32667
31489
22158
27866
14474
19819
31719
27207
11804
117
4052
28328
2760
11842
14133
29031
30243
30375
3811
26381
29026
31127
3150
12120
23834
21982
20836
10639
3147
18
30645
25362
2205
1479
5845
5173
27625
4355
2562
24398
29435
16370
14599
1549
11671
9434
26720
2316
28601
592
21663
26023
26657
6061
7439
26126
15
4540
16790
14232
26700
29621
14304
15195
30569
3183
23481
17657
15691
19409
16059
15292
28648
3210
6954
20966
5451
9729
28188
17986
3806
23183
31965
25599
27112
30189
18833
13502
6485
12264
15131
6378
31926
10076
31806
14920
22664
2399
22018
3279
9145
14525
2394
20921
20072
2469
27651
20698
26093
26017
19631
15409
14873
27595
25187
29117
26558
24895
19230
3985
27762
1484
23995
3627
10129
8431
21272
21762
27777
23297
2680
32094
2618
13999
27942
14188
27653
16043
13660
1426
14211
15265
7266
16896
3058
1645
13306
8840
18092
19083
28412
11951
28912
19662
7486
23556
15077
2645
24246
17584
10204
17340
20963
11343
20438
18575
360
18174
23110
5892
21755
30389
5656
9193
2429
29400
21233
24283
29802
3592
24505
18105
5748
3647
21079
8792
16747
19228
31931
12664
21856
1659
13090
27127
22794
13129
18325
5445
29033
7831
24243
25112
31912
12012
433
15969
21576
11744
4511
3454
31355
20454
32749
3761
14030
28266
28717
2001
26123
10268
10010
2111
350
23435
27354
22556
8374
12277
14464
26553
31854
8285
29397
21327
12845
15583
28248
20209
20747
5697
32387
3774
28917
1994
26704
32603
22866
21335
24060
25249
31462
17323
26635
9362
16631
18695
24460
31890
32175
17402
23966
11988
30146
29307
17459
530
20305
13109
17428
15745
26637
4898
1062
17156
22175
22875
19947
6559
6984
1327
25419
31791
17348
29298
24981
16473
1653
6167
21953
10689
6333
5378
26104
32124
17580
32535
13398
27079
475
10391
24302
5625
5527
20396
16654
28342
32322
27714
22981
614
11767
4121
31651
485
22637
3352
10688
14716
22558
21989
17919
5649
28328
19634
29844
2714
25715
29786
22724
27096
19348
14252
3820
2113
27121
15110
1989
14910
3750
27687
10470
662
22184
17470
22155
1322
9384
28742
19092
4580
20539
21398
23761
23530
20535
6324
8316
12567
25696
17515
31495
17835
580
32541
6169
26689
2403
2138
24275
12802
659
2224
19543
1817
28323
13765
22411
31590
26687
1000
32551
5243
13433
15356
6312
27642
11575
4691
6450
4078
16354
4349
25208
10383
19429
20871
16484
18544
30356
3269
19977
3494
22464
25877
9946
24108
21640
9704
14361
17286
7283
7295
18066
10661
31932
28147
31880
1291
32237
3704
5104
9263
32687
15842
28893
12323
18145
11625
16444
8308
12775
12969
28353
9810
1861
11245
3105
21232
4716
31148
28290
32046
723
12628
10799
10870
16714
27975
12689
32483
12172
24099
12635
30889
1555
327
32004
31409
17456
8339
8058
27267
26202
32622
25621
25961
22215
22798
27593
20689
19513
5108
8865
18932
2843
20149
10600
14517
15564
10752
1961
2508
20795
29661
14811
21539
7860
6195
28629
28032
13305
31373
3976
12901
4245
7453
20460
1333
14189
14594
59
18583
20376
11206
20318
22815
18288
24107
10148
18988
11753
2087
29370
27148
13858
30253
23000
20839
6458
13230
22072
474
19045
16096
9676
22498
12607
10686
30768
21500
24160
19536
26590
32522
28208
27692
5025
28153
3580
32061
27724
10401
22346
24515
2731
30700
30058
16283
8634
24379
18766
30913
24853
17669
32668
9491
23472
3777
19712
14167
18120
13319
17607
18304
9497
3314
32170
29741
12882
24520
30951
32115
8902
29149
32663
31964
2916
8116
27195
24239
1513
16488
1688
114
25940
22602
4037
6318
3738
24268
27778
19442
18844
7070
10187
4890
7766
24342
22445
22225
4697
6613
26201
25685
23163
6056
29047
8059
21709
25004
13244
5618
24269
2998
11455
22475
23517
28913
31496
14649
32756
9161
7274
24982
12948
5384
2196
19367
7676
13887
23010
6945
16030
7016
30841
27500
1747
24521
31634
31654
27342
21020
13590
23531
26830
11244
7020
32724
24984
22594
1422
23101
21797
3457
28003
26188
22424
16015
11337
16815
21107
10037
26096
15396
26121
30665
5487
63
32567
25610
28817
14696
30031
6475
5488
23331
17493
24532
13894
28052
14190
27525
14207
834
6037
8124
29715
15387
12944
19065
7186
31160
20002
6848
24961
10467
23427
22079
26468
17494
32525
4657
10012
29894
16440
29570
16371
29216
30152
14900
25846
2579
16965
7169
23811
28622
13484
12866
18722
14603
24932
32527
9496
11340
1907
19880
13882
17508
5618
29203
23680
3386
9662
11271
31194
15818
15217
12553
25543
13164
26001
8661
4899
12889
2823
28415
1600
3947
32210
28890
2361
10020
9724
13977
22659
17906
22733
20660
20933
26033
12352
6798
9962
25714
30387
18260
18292
6267
31458
13864
29715
25999
24598
20863
12406
14191
16026
32199
1889
1440
10351
23374
21760
17519
26176
24415
2939
26419
152
2222
9674
22482
26963
13045
15563
1926
22867
19936
29329
31969
13940
31527
10239
783
5569
22521
12438
24156
11752
30113
30860
10741
19947
17764
20766
17139
11289
31656
22311
25749
8509
11868
10224
22989
9237
12947
22602
26623
6405
32114
25050
22277
18957
3149
31413
14966
6905
6157
2861
24616
19927
6101
13802
2035
27566
22245
9788
18616
9581
8638
6319
18082
16674
20102
20960
7852
26476
9391
30608
11108
25907
26580
32759
1774
13718
2531
11098
28235
26661
18561
15328
27100
14161
14762
24482
24353
25376
2968
257
28615
9254
31719
28988
18914
19120
18934
8514
19831
24130
10384
23748
11069
20804
29388
15247
24740
7416
10289
15641
13591
22959
29726
16985
7294
10045
17513
23004
8968
31146
13127
4630
17959
7722
18540
17910
24284
3151
21875
6077
308
22398
29055
3599
29971
21664
22563
1866
11312
18457
12159
30488
22881
12286
31148
8768
3353
32386
13659
19650
31534
22706
29112
3618
19936
11619
22933
16388
10776
14440
31172
15097
18669
17928
18116
21913
19052
19119
9633
22994
9625
8931
31765
25727
22961
3962
3059
25404
17586
16906
7621
9337
17181
3490
16052
11726
31995
4023
5545
19598
1054
25953
5042
5279
10153
16584
935
16777
8403
29400
15629
11724
31975
15677
32314
21623
26767
139
12730
4342
16467
6844
8946
4396
2653
2528
26115
11714
15743
10000
30450
7358
31095
3492
21509
12887
5233
678
6000
9223
8653
28806
21552
483
22051
19214
14904
23080
27780
28569
17867
15126
28931
21888
32297
1793
5236
8918
1901
20133
28020
31061
2998
9658
19114
3991
16261
9672
31308
27274
1382
4925
10980
19230
29907
22717
18772
9280
18517
19641
23
11532
30444
30019
15307
25406
31921
15904
22764
4586
5818
21791
24291
12398
30270
8362
27711
11684
12025
1179
14402
31580
25810
26961
19871
28169
31932
14594
25218
17594
21722
18258
29137
27980
18406
22309
31153
22750
32723
12978
845
29830
23473
2522
22483
6722
27858
2743
1726
3634
20267
26743
8539
23556
24828
17515
20358
10415
7604
11611
8629
19556
8207
10525
17465
18625
3969
31845
30656
28489
31959
9439
29469
19473
29212
14715
4684
10427
14777
9481
30384
15272
8417
28421
31904
22378
14636
1716
10786
11896
23938
17520
31478
32550
32315
5439
11735
15316
30852
1195
30461
869
32005
6350
15334
32243
18881
13485
15446
29120
15165
29895
19613
9328
30948
14829
1304
23670
16554
22099
2810
5837
5616
4328
22092
17640
22439
29411
6451
9963
441
5022
11378
5659
7588
22184
9519
21395
9832
20502
30714
12090
25508
17177
19723
6897
32764
28374
27083
32273
24253
7537
21399
23828
29892
10603
4032
10642
10396
27951
9430
20080
32230
20711
16678
19540
4094
27284
10881
31323
8155
25694
23359
16143
14647
7464
28804
21907
13040
14184
19906
29473
3759
2614
6527
24759
31687
10403
30553
23820
352
29515
9031
23241
5076
26670
21025
28406
6489
9403
31587
946
8673
20014
28718
9000
22078
21532
25487
28350
25226
16716
18436
5775
24518
3785
9788
25884
193
11573
20767
13118
1595
14432
6926
22624
15947
2330
28780
27370
4862
6469
31581
25856
27713
28206
13517
365
26881
32029
1717
25818
13200
15914
25497
26436
30027
24915
30550
4525
11642
22988
21786
9233
28535
13206
18100
14235
19475
26451
8462
20761
27189
8281
16887
30638
4804
10501
6950
9158
13255
29009
28284
6735
7883
25513
8074
2087
1669
31739
15955
29136
32697
21774
12115
19307
2395
8212
5312
19684
24563
14978
23823
22122
8262
22047
6842
31010
32050
26459
2369
30748
3290
19939
25455
21894
28931
27506
28382
16415
24254
7402
24765
29935
18760
18851
32721
26934
13358
32003
10170
1000
32590
3152
31196
9204
31783
9227
16157
2332
7981
28605
14579
4878
28731
12331
23591
32320
10620
10270
19556
23421
25892
25425
6034
11749
21341
25741
15199
10805
3204
32531
10526
31560
21398
24378
15317
12254
23781
1625
21649
13725
27920
15847
4349
1365
25649
17889
20531
25736
2392
17004
31186
24618
10809
11452
15185
25765
25377
19252
12179
5920
9007
29903
9403
21505
16576
9150
29761
30384
12843
6995
8518
20126
16047
9501
12580
25991
15273
10581
29258
31476
10762
9848
9543
22787
18441
19510
15396
26218
27413
15755
9207
6586
13838
15916
19637
12769
32692
20260
25416
22515
32096
32447
29153
3626
1522
28583
23184
4139
266
23373
24594
2186
22139
5002
12522
16273
29180
18311
10419
10045
12065
4058
15284
26762
16778
1521
16565
22000
27995
27316
3345
26414
9195
8294
5901
8774
22721
31692
4712
5577
8892
12434
15155
18516
32145
23786
17123
16731
16251
30838
5029
3877
5933
10856
24049
28184
9740
19176
9314
30007
2715
5046
14789
27625
28470
17424
25968
11516
28932
15318
8661
15081
29479
20972
10582
26970
12853
27104
17755
16361
11244
3276
5026
31275
12065
2430
13783
18669
10234
24535
8037
14525
31837
31601
30091
25005
3240
388
13746
17491
11427
13835
5630
30740
10419
15394
21539
3747
11088
13747
26234
20676
5816
1617
17236
14422
9957
15716
12942
19344
28605
27527
23909
15755
2954
26414
4236
30720
3497
17548
25724
29268
3462
1204
16396
31185
24008
16382
26945
20279
17352
20396
6247
15731
17224
15053
16736
3502
21090
27234
1853
31881
2494
26816
3595
5287
9480
12341
7919
4717
26529
19694
21110
13573
14741
22040
13606
8361
4302
582
6745
13854
31367
23315
4427
894
22787
21512
12401
12859
10622
18624
11020
5729
26212
9801
25855
17179
22977
17358
30941
18553
29688
11891
25671
32368
31417
27777
20085
291
9261
31683
7442
16992
29299
3888
19277
21614
25424
20425
14125
20998
18466
9413
22820
1951
23062
18156
6632
16879
24219
9025
14974
26030
28695
20707
663
13469
16088
7733
10528
25543
24141
31037
11029
26374
29302
14154
1174
5578
20889
32730
60
3350
28215
24250
4269
29387
7486
16751
26734
32297
3200
25557
17401
27027
32100
28678
6672
12690
6107
21885
9808
17693
27030
7036
521
2840
25975
12970
16205
24858
30533
2561
14919
30579
32675
27367
5326
11886
19523
24731
4154
22739
24663
11987
14711
1968
8520
7076
7000
17241
15275
4257
27437
21934
21617
22343
25495
2460
23133
29849
16795
999
3004
26631
6134
6438
1104
20884
27824
17679
26509
17208
21748
9972
31496
16771
799
10126
17708
14212
31511
11258
1070
25065
24798
31233
4420
30055
5479
12700
1042
1117
5544
32695
10853
26548
20464
28214
10276
12041
25467
30006
21380
23566
32324
12693
8570
27949
19738
25780
13942
31599
12790
8571
28494
28573
13452
19102
30328
4773
24864
17951
14717
32062
2459
2581
21162
10959
7390
26283
15113
13197
2134
12651
22672
29156
22480
13757
15511
5913
1935
3754
9872
29485
15516
19942
7922
29700
22366
5134
15990
8135
5226
32302
30086
3718
12188
3206
26610
10018
15719
26254
12518
9066
11881
8247
8985
8068
12611
25716
22854
14479
26279
10489
10976
32390
7091
20290
22786
15719
32381
22232
1957
24981
239
1232
22293
31611
24021
9364
12710
9843
29748
17894
8610
22246
27869
7201
17287
21428
24131
25282
10351
24278
25226
27432
15568
20802
21472
14232
1893
11790
8976
18308
21612
28889
31828
30989
8466
7015
11883
9158
23340
18059
2028
20667
18727
14922
7898
13234
11842
20797
13944
18864
32506
11063
14175
16575
14790
29480
28109
3311
14341
15425
576
20123
2869
14937
24644
28141
14949
22928
32649
4004
29677
31026
17208
18197
1884
19934
25479
10608
15282
12007
5516
9797
21968
21242
25934
18759
25388
16385
30242
18767
7369
29256
7477
2212
30311
32478
2661
27257
11767
13631
29525
8631
28497
1071
29888
23805
24617
9705
7693
29669
10303
22393
23332
31114
18903
8039
12417
22599
24169
26517
32134
23233
2969
28266
14614
17959
17513
21296
23647
27064
10926
16827
28663
18310
9409
332
28459
14970
31606
27317
30100
15769
5202
2493
27371
14469
7160
28101
8477
30023
13541
28076
6306
9035
32349
25329
24331
2988
1957
8215
15323
23219
883
9806
8088
8858
20387
24143
2338
31637
9515
22664
21827
25875
1105
22649
11398
19520
12572
12126
845
23503
21512
10766
24606
30968
4861
5667
23614
4540
13954
8795
4737
8304
12079
7742
28768
2169
3936
23809
7500
12373
19761
16299
27714
31963
24742
10870
2976
4547
4649
27000
26423
31592
3386
18562
28833
9677
2914
25161
16852
17630
11112
27331
19960
4601
18632
30932
5238
685
26465
4906
2642
23746
1902
1126
11706
19321
30135
14972
30687
23060
27657
13660
8451
30617
5603
18642
27347
26580
19826
13738
25848
17819
9407
24089
24553
31318
3880
6488
515
20158
16141
27282
13019
30948
3019
7936
20691
19317
29678
5971
25835
27197
4002
16466
18650
10219
1899
32452
29534
28948
25366
4752
24272
26746
17648
13603
15867
6285
25909
30482
29486
24114
25035
8448
32144
28868
13872
7107
20660
11096
28594
9154
19053
31558
29150
19361
15076
6117
24378
4641
13031
26517
31287
3905
3204
13827
4705
31914
25047
8104
20953
7497
26144
22163
32517
18494
21784
9321
1670
6901
27782
19882
24938
5778
9229
14901
11171
11411
5960
1807
32440
32432
22041
25952
25787
22022
3901
27326
30587
5493
18724
13998
32762
11079
7424
4456
10786
17938
10269
26587
8371
20703
10096
18673
9600
31371
29042
18452
31195
19566
16943
26865
11086
5179
3481
30844
6284
9511
19491
30516
17062
13390
30091
30888
16002
21586
7671
7226
23178
21573
26948
803
19617
1481
18587
26551
31835
11893
13893
14826
15725
10363
25536
25876
3682
30344
3602
8945
12176
20204
27741
32748
9803
25083
27828
29853
88
24499
13101
14480
27556
159
3895
12872
30262
5626
23342
10371
2659
25880
31277
6336
31553
20994
26660
22271
13662
7521
4138
23240
26545
14749
23828
23918
14544
31557
14406
11669
23652
10418
27337
23538
7386
11495
5278
9554
11612
29116
11858
15838
22528
9532
18643
24989
23615
28235
32642
20026
4520
21644
20617
2568
3003
31199
11851
23234
14616
28686
7608
973
4167
19163
26242
12051
18882
1986
8716
6913
19093
22187
25445
26102
28919
12550
16913
32245
5418
26394
525
14494
4515
6042
32013
10076
5739
17786
12552
31711
19397
0
6134
4301
2065
20766
11481
27316
7408
26111
16890
17732
32681
9696
3189
187
20684
11041
2295
928
1813
21148
7623
25780
16786
21813
7683
28966
1288
8114
4653
25350
26772
23758
27110
23548
30094
25992
31480
30778
16050
3009
29082
3503
29314
29446
5616
27517
27878
27563
2770
11694
3094
1049
27086
31010
19641
17512
24688
13260
29007
18481
12992
3359
14540
10909
18189
27330
26757
30914
7913
3467
11600
7728
24949
683
6119
32710
23263
13606
14478
14539
5416
13191
7670
11834
28203
32209
15200
27740
20187
28600
31237
668
26572
6929
31158
20888
5877
9864
17600
32628
23220
1169
31506
1651
30226
5793
14498
4552
10825
4253
15116
7337
10627
12435
2684
1958
9957
7848
10703
6201
10188
2385
4597
5790
31318
20934
31898
32228
29989
23732
16901
29253
25695
23346
20032
29107
18425
8183
29049
29363
18230
21706
4008
25966
32106
9273
29554
19205
1028
11150
18509
22310
24011
18687
32742
20445
10088
6693
9920
8108
12581
16048
27677
19933
26100
13144
24865
20759
9139
22807
13109
28720
26798
31893
26026
9538
31334
29156
20126
14081
27025
6253
23332
31819
5985
23338
24223
32257
8201
278
29039
27414
20094
25058
8912
4837
32122
21226
510
22984
2503
24679
17054
23526
14778
9958
89
12876
15870
24825
26058
3648
12178
32044
15002
7889
12053
20538
7401
29875
2370
14209
27120
22602
1207
16308
6629
17925
15610
9168
4895
1261
11965
14417
14459
2942
22881
5797
14078
9909
6586
7393
22204
5994
8722
5555
21240
6624
13168
7319
32140
2971
31770
4686
12684
9073
16216
13709
22822
28644
10875
13298
2764
4015
31518
18235
406
22687
23212
12986
29921
24740
4898
13572
4925
7464
278
16874
9350
3231
26361
6314
5968
7776
1433
2662
32136
19635
7657
1236
15449
7467
16389
13624
29517
31542
2929
22415
24245
8434
17569
1549
14666
578
25535
7370
24852
28194
168
1465
17291
23095
16440
217
21757
3242
9927
15535
5935
6199
29683
21235
29511
24193
27552
32138
27369
3241
12350
6068
25761
17950
4683
16263
6017
29111
31000
11164
23051
23807
18639
2312
22609
10704
27061
30093
30042
14883
21677
27154
23496
3622
18686
10577
440
18575
3925
1744
9194
19760
28174
6674
31778
11724
12975
12814
14029
22826
29877
7392
27624
16487
30100
6079
7966
26256
16889
31535
2864
3697
30802
30583
15514
31399
22672
30038
16244
29693
299
28402
25750
2549
32103
21777
25087
16804
2263
21643
21112
9923
11295
4096
22644
29444
5885
8646
26683
16290
23435
31269
32071
30012
28350
28103
16110
28131
4659
2154
22594
32114
2859
30680
1846
21533
19156
8985
9986
28493
27594
16871
14792
3244
10461
2146
13687
21371
12565
15109
6128
10284
31987
16089
1639
24109
2298
31208
31756
15362
6510
6133
19435
1430
27484
1898
31249
211
30426
17042
12273
10352
9872
14600
20486
266
10359
28016
27833
17527
15329
7012
9860
22359
8378
31153
13656
15595
3085
27844
8508
32043
17865
15711
28216
12562
21446
10129
16241
10557
22019
21988
13717
25268
30770
7384
3193
15880
7286
2704
15361
11422
9067
7884
8257
18506
30055
16151
27873
2335
12543
15170
28614
3462
8909
30224
26350
10382
27249
1587
28060
10883
28886
25463
17590
6082
5047
29758
31339
16843
10849
3884
13592
30360
18362
17699
9581
14894
23938
1906
25548
15985
9433
32329
15601
3388
28673
9073
12760
6321
18790
30009
11995
9678
987
21940
15900
17729
8231
27169
14626
20094
11200
3755
15815
4366
31958
12883
27217
12330
28563
12074
9439
23688
2210
29379
29191
24693
8430
2792
7869
12836
32428
27276
16758
70
32667
31489
22158
27866
14474
19819
31719
27207
11804
117
4052
28328
2760
11842
14133
29031
30243
30375
3811
26381
29026
31127
3150
12120
23834
21982
20836
10639
3147
18
30645
25362
2205
1479
5845
5173
27625
4355
2562
24398
29435
16370
14599
1549
11671
9434
26720
2316
28601
592
21663
26023
26657
6061
7439
26126
15
4540
16790
14232
26700
29621
14304
15195
30569
3183
23481
17657
15691
19409
16059
15292
28648
3210
6954
20966
5451
9729
28188
17986
3806
23183
31965
25599
27112
30189
18833
13502
6485
12264
15131
6378
31926
10076
31806
14920
22664
2399
22018
3279
9145
14525
2394
20921
20072
2469
27651
20698
26093
26017
19631
15409
14873
27595
25187
29117
26558
24895
19230
3985
27762
1484
23995
3627
10129
8431
21272
21762
27777
23297
2680
32094
2618
13999
27942
14188
27653
16043
13660
1426
14211
15265
7266
16896
3058
1645
13306
8840
18092
19083
28412
11951
28912
19662
7486
23556
15077
2645
24246
17584
10204
17340
20963
11343
20438
18575
360
18174
23110
5892
21755
30389
5656
9193
2429
29400
21233
24283
29802
3592
24505
18105
5748
3647
21079
8792
16747
19228
31931
12664
21856
1659
13090
27127
22794
13129
18325
5445
29033
7831
24243
25112
31912
12012
433
15969
21576
11744
4511
3454
31355
20454
32749
3761
14030
28266
28717
2001
26123
10268
10010
2111
350
23435
27354
22556
8374
12277
14464
26553
31854
8285
29397
21327
12845
15583
28248
20209
20747
5697
32387
3774
28917
1994
26704
32603
22866
21335
24060
25249
31462
17323
26635
9362
16631
18695
24460
31890
32175
17402
23966
11988
30146
29307
17459
530
20305
13109
17428
15745
26637
4898
1062
17156
22175
22875
19947
6559
6984
1327
25419
31791
17348
29298
24981
16473
1653
6167
21953
10689
6333
5378
26104
32124
17580
32535
13398
27079
475
10391
24302
5625
5527
20396
16654
28342
32322
27714
22981
614
11767
4121
31651
485
22637
3352
10688
14716
22558
21989
17919
5649
28328
19634
29844
2714
25715
29786
22724
27096
19348
14252
3820
2113
27121
15110
1989
14910
3750
27687
10470
662
22184
17470
22155
1322
9384
28742
19092
4580
20539
21398
23761
23530
20535
6324
8316
12567
25696
17515
31495
17835
580
32541
6169
26689
2403
2138
24275
12802
659
2224
19543
1817
28323
13765
22411
31590
26687
1000
32551
5243
13433
15356
6312
27642
11575
4691
6450
4078
16354
4349
25208
10383
19429
20871
16484
18544
30356
3269
19977
3494
22464
25877
9946
24108
21640
9704
14361
17286
7283
7295
18066
10661
31932
28147
31880
1291
32237
3704
5104
9263
32687
15842
28893
12323
18145
11625
16444
8308
12775
12969
28353
9810
1861
11245
3105
21232
4716
31148
28290
32046
723
12628
10799
10870
16714
27975
12689
32483
12172
24099
12635
30889
1555
327
32004
31409
17456
8339
8058
27267
26202
32622
25621
25961
22215
22798
27593
20689
19513
5108
8865
18932
2843
20149
10600
14517
15564
10752
1961
2508
20795
29661
14811
21539
7860
6195
28629
28032
13305
31373
3976
12901
4245
7453
20460
1333
14189
14594
59
18583
20376
11206
20318
22815
18288
24107
10148
18988
11753
2087
29370
27148
13858
30253
23000
20839
6458
13230
22072
474
19045
16096
9676
22498
12607
10686
30768
21500
24160
19536
26590
32522
28208
27692
5025
28153
3580
32061
27724
10401
22346
24515
2731
30700
30058
16283
8634
24379
18766
30913
24853
17669
32668
9491
23472
3777
19712
14167
18120
13319
17607
18304
9497
3314
32170
29741
12882
24520
30951
32115
8902
29149
32663
31964
2916
8116
27195
24239
1513
16488
1688
114
25940
22602
4037
6318
3738
24268
27778
19442
18844
7070
10187
4890
7766
24342
22445
22225
4697
6613
26201
25685
23163
6056
29047
8059
21709
25004
13244
5618
24269
2998
11455
22475
23517
28913
31496
14649
32756
9161
7274
24982
12948
5384
2196
19367
7676
13887
23010
6945
16030
7016
30841
27500
1747
24521
31634
31654
27342
21020
13590
23531
26830
11244
7020
32724
24984
22594
1422
23101
21797
3457
28003
26188
22424
16015
11337
16815
21107
10037
26096
15396
26121
30665
5487
63
32567
25610
28817
14696
30031
6475
5488
23331
17493
24532
13894
28052
14190
27525
14207
834
6037
8124
29715
15387
12944
19065
7186
31160
20002
6848
24961
10467
23427
22079
26468
17494
32525
4657
10012
29894
16440
29570
16371
29216
30152
14900
25846
2579
16965
7169
23811
28622
13484
12866
18722
14603
24932
32527
9496
11340
1907
19880
13882
17508
5618
29203
23680
3386
9662
11271
31194
15818
15217
12553
25543
13164
26001
8661
4899
12889
2823
28415
1600
3947
32210
28890
2361
10020
9724
13977
22659
17906
22733
20660
20933
26033
12352
6798
9962
25714
30387
18260
18292
6267
31458
13864
29715
25999
24598
20863
12406
14191
16026
32199
1889
1440
10351
23374
21760
17519
26176
24415
2939
26419
152
2222
9674
22482
26963
13045
15563
1926
22867
19936
29329
31969
13940
31527
10239
783
5569
22521
12438
24156
11752
30113
30860
10741
19947
17764
20766
17139
11289
31656
22311
25749
8509
11868
10224
22989
9237
12947
22602
26623
6405
32114
25050
22277
18957
3149
31413
14966
6905
6157
2861
24616
19927
6101
13802
2035
27566
22245
9788
18616
9581
8638
6319
18082
16674
20102
20960
7852
26476
9391
30608
11108
25907
26580
32759
1774
13718
2531
11098
28235
26661
18561
15328
27100
14161
14762
24482
24353
25376
2968
257
28615
9254
31719
28988
18914
19120
18934
8514
19831
24130
10384
23748
11069
20804
29388
15247
24740
7416
10289
15641
13591
22959
29726
16985
7294
10045
17513
23004
8968
31146
13127
4630
17959
7722
18540
17910
24284
3151
21875
6077
308
22398
29055
3599
29971
21664
22563
1866
11312
18457
12159
30488
22881
12286
31148
8768
3353
32386
13659
19650
31534
22706
29112
3618
19936
11619
22933
16388
10776
14440
31172
15097
18669
17928
18116
21913
19052
19119
9633
22994
9625
8931
31765
25727
22961
3962
3059
25404
17586
16906
7621
9337
17181
3490
16052
11726
31995
4023
5545
19598
1054
25953
5042
5279
10153
16584
935
16777
8403
29400
15629
11724
31975
15677
32314
21623
26767
139
12730
4342
16467
6844
8946
4396
2653
2528
26115
11714
15743
10000
30450
7358
31095
3492
21509
12887
5233
678
6000
9223
8653
28806
21552
483
22051
19214
14904
23080
27780
28569
17867
15126
28931
21888
32297
1793
5236
8918
1901
20133
28020
31061
2998
9658
19114
3991
16261
9672
31308
27274
1382
4925
10980
19230
29907
22717
18772
9280
18517
19641
23
11532
30444
30019
15307
25406
31921
15904
22764
4586
5818
21791
24291
12398
30270
8362
27711
11684
12025
1179
14402
31580
25810
26961
19871
28169
31932
14594
25218
17594
21722
18258
29137
27980
18406
22309
31153
22750
32723
12978
845
29830
23473
2522
22483
6722
27858
2743
1726
3634
20267
26743
8539
23556
24828
17515
20358
10415
7604
11611
8629
19556
8207
10525
17465
18625
3969
31845
30656
28489
31959
9439
29469
19473
29212
14715
4684
10427
14777
9481
30384
15272
8417
28421
31904
22378
14636
1716
10786
11896
23938
17520
31478
32550
32315
5439
11735
15316
30852
1195
30461
869
32005
6350
15334
32243
18881
13485
15446
29120
15165
29895
19613
9328
30948
14829
1304
23670
16554
22099
2810
5837
5616
4328
22092
17640
22439
29411
6451
9963
441
5022
11378
5659
7588
22184
9519
21395
9832
20502
30714
12090
25508
17177
19723
6897
32764
28374
27083
32273
24253
7537
21399
23828
29892
10603
4032
10642
10396
27951
9430
20080
32230
20711
16678
19540
4094
27284
10881
31323
8155
25694
23359
16143
14647
7464
28804
21907
13040
14184
19906
29473
3759
2614
6527
24759
31687
10403
30553
23820
352
29515
9031
23241
5076
26670
21025
28406
6489
9403
31587
946
8673
20014
28718
9000
22078
21532
25487
28350
25226
16716
18436
5775
24518
3785
9788
25884
193
11573
20767
13118
1595
14432
6926
22624
15947
2330
28780
27370
4862
6469
31581
25856
27713
28206
13517
365
26881
32029
1717
25818
13200
15914
25497
26436
30027
24915
30550
4525
11642
22988
21786
9233
28535
13206
18100
14235
19475
26451
8462
20761
27189
8281
16887
30638
4804
10501
6950
9158
13255
29009
28284
6735
7883
25513
8074
2087
1669
31739
15955
29136
32697
21774
12115
19307
2395
8212
5312
19684
24563
14978
23823
22122
8262
22047
6842
31010
32050
26459
2369
30748
3290
19939
25455
21894
28931
27506
28382
16415
24254
7402
24765
29935
18760
18851
32721
26934
13358
32003
10170
1000
32590
3152
31196
9204
31783
9227
16157
2332
7981
28605
14579
4878
28731
12331
23591
32320
10620
10270
19556
23421
25892
25425
6034
11749
21341
25741
15199
10805
3204
32531
10526
31560
21398
24378
15317
12254
23781
1625
21649
13725
27920
15847
4349
1365
25649
17889
20531
25736
2392
17004
31186
24618
10809
11452
15185
25765
25377
19252
12179
5920
9007
29903
9403
21505
16576
9150
29761
30384
12843
6995
8518
20126
16047
9501
12580
25991
15273
10581
29258
31476
10762
9848
9543
22787
18441
19510
15396
26218
27413
15755
9207
6586
13838
15916
19637
12769
32692
20260
25416
22515
32096
32447
29153
3626
1522
28583
23184
4139
266
23373
24594
2186
22139
5002
12522
16273
29180
18311
10419
10045
12065
4058
15284
26762
16778
1521
16565
22000
27995
27316
3345
26414
9195
8294
5901
8774
22721
31692
4712
5577
8892
12434
15155
18516
32145
23786
17123
16731
16251
30838
5029
3877
5933
10856
24049
28184
9740
19176
9314
30007
2715
5046
14789
27625
28470
17424
25968
11516
28932
15318
8661
15081
29479
20972
10582
26970
12853
27104
17755
16361
11244
3276
5026
31275
12065
2430
13783
18669
10234
24535
8037
14525
31837
31601
30091
25005
3240
388
13746
17491
11427
13835
5630
30740
10419
15394
21539
3747
11088
13747
26234
20676
5816
1617
17236
14422
9957
15716
12942
19344
28605
27527
23909
15755
2954
26414
4236
30720
3497
17548
25724
29268
3462
1204
16396
31185
24008
16382
26945
20279
17352
20396
6247
15731
17224
15053
16736
3502
21090
27234
1853
31881
2494
26816
3595
5287
9480
12341
7919
4717
26529
19694
21110
13573
14741
22040
13606
8361
4302
582
6745
13854
31367
23315
4427
894
22787
21512
12401
12859
10622
18624
11020
5729
26212
9801
25855
17179
22977
17358
30941
18553
29688
11891
25671
32368
31417
27777
20085
291
9261
31683
7442
16992
29299
3888
19277
21614
25424
20425
14125
20998
18466
9413
22820
1951
23062
18156
6632
16879
24219
9025
14974
26030
28695
20707
663
13469
16088
7733
10528
25543
24141
31037
11029
26374
29302
14154
1174
5578
20889
32730
60
3350
28215
24250
4269
29387
7486
16751
26734
32297
3200
25557
17401
27027
32100
28678
6672
12690
6107
21885
9808
17693
27030
7036
521
2840
25975
12970
16205
24858
30533
2561
14919
30579
32675
27367
5326
11886
19523
24731
4154
22739
24663
11987
14711
1968
8520
7076
7000
17241
15275
4257
27437
21934
21617
22343
25495
2460
23133
29849
16795
999
3004
26631
6134
6438
1104
20884
27824
17679
26509
17208
21748
9972
31496
16771
799
10126
17708
14212
31511
11258
1070
25065
24798
31233
4420
30055
5479
12700
1042
1117
5544
32695
10853
26548
20464
28214
10276
12041
25467
30006
21380
23566
32324
12693
8570
27949
19738
25780
13942
31599
12790
8571
28494
28573
13452
19102
30328
4773
24864
17951
14717
32062
2459
2581
21162
10959
7390
26283
15113
13197
2134
12651
22672
29156
22480
13757
15511
5913
1935
3754
9872
29485
15516
19942
7922
29700
22366
5134
15990
8135
5226
32302
30086
3718
12188
3206
26610
10018
15719
26254
12518
9066
11881
8247
8985
8068
12611
25716
22854
14479
26279
10489
10976
32390
7091
20290
22786
15719
32381
22232
1957
24981
239
1232
22293
31611
24021
9364
12710
9843
29748
17894
8610
22246
27869
7201
17287
21428
24131
25282
10351
24278
25226
27432
15568
20802
21472
14232
1893
11790
8976
18308
21612
28889
31828
30989
8466
7015
11883
9158
23340
18059
2028
20667
18727
14922
7898
13234
11842
20797
13944
18864
32506
11063
14175
16575
14790
29480
28109
3311
14341
15425
576
20123
2869
14937
24644
28141
14949
22928
32649
4004
29677
31026
17208
18197
1884
19934
25479
10608
15282
12007
5516
9797
21968
21242
25934
18759
25388
16385
30242
18767
7369
29256
7477
2212
30311
32478
2661
27257
11767
13631
29525
8631
28497
1071
29888
23805
24617
9705
7693
29669
10303
22393
23332
31114
18903
8039
12417
22599
24169
26517
32134
23233
2969
28266
14614
17959
17513
21296
23647
27064
10926
16827
28663
18310
9409
332
28459
14970
31606
27317
30100
15769
5202
2493
27371
14469
7160
28101
8477
30023
13541
28076
6306
9035
32349
25329
24331
2988
1957
8215
15323
23219
883
9806
8088
8858
20387
24143
2338
31637
9515
22664
21827
25875
1105
22649
11398
19520
12572
12126
845
23503
21512
10766
24606
30968
4861
5667
23614
4540
13954
8795
4737
8304
12079
7742
28768
2169
3936
23809
7500
12373
19761
16299
27714
31963
24742
10870
2976
4547
4649
27000
26423
31592
3386
18562
28833
9677
2914
25161
16852
17630
11112
27331
19960
4601
18632
30932
5238
685
26465
4906
2642
23746
1902
1126
11706
19321
30135
14972
30687
23060
27657
13660
8451
30617
5603
18642
27347
26580
19826
13738
25848
17819
9407
24089
24553
31318
3880
6488
515
20158
16141
27282
13019
30948
3019
7936
20691
19317
29678
5971
25835
27197
4002
16466
18650
10219
1899
32452
29534
28948
25366
4752
24272
26746
17648
13603
15867
6285
25909
30482
29486
24114
25035
8448
32144
28868
13872
7107
20660
11096
28594
9154
19053
31558
29150
19361
15076
6117
24378
4641
13031
26517
31287
3905
3204
13827
4705
31914
25047
8104
20953
7497
26144
22163
32517
18494
21784
9321
1670
6901
27782
19882
24938
5778
9229
14901
11171
11411
5960
1807
32440
32432
22041
25952
25787
22022
3901
27326
30587
5493
18724
13998
32762
11079
7424
4456
10786
17938
10269
26587
8371
20703
10096
18673
9600
31371
29042
18452
31195
19566
16943
26865
11086
5179
3481
30844
6284
9511
19491
30516
17062
13390
30091
30888
16002
21586
7671
7226
23178
21573
26948
803
19617
1481
18587
26551
31835
11893
13893
14826
15725
10363
25536
25876
3682
30344
3602
8945
12176
20204
27741
32748
9803
25083
27828
29853
88
24499
13101
14480
27556
159
3895
12872
30262
5626
23342
10371
2659
25880
31277
6336
31553
20994
26660
22271
13662
7521
4138
23240
26545
14749
23828
23918
14544
31557
14406
11669
23652
10418
27337
23538
7386
11495
5278
9554
11612
29116
11858
15838
22528
9532
18643
24989
23615
28235
32642
20026
4520
21644
20617
2568
6004
31199
11851
23234
14616
28686
7608
973
4167
19163
26242
12051
18882
1986
8716
6913
19093
22187
25445
26102
28919
12550
16913
32245
5418
26394
525
14494
4515
6042
32013
10076
5739
17786
12552
31711
19397
0
6134
4301
2065
20766
11481
27316
7408
26111
16890
17732
32681
9696
3189
187
20684
11041
2295
928
1813
21148
7623
25780
16786
21813
7683
28966
1288
8114
4653
25350
26772
23758
27110
23548
30094
25992
31480
30778
16050
3009
29082
3503
29314
29446
5616
27517
27878
27563
2770
11694
3094
1049
27086
31010
19641
17512
24688
13260
29007
18481
12992
3359
14540
10909
18189
27330
26757
30914
7913
3467
11600
7728
24949
683
6119
32710
23263
13606
14478
14539
5416
13191
7670
11834
28203
32209
15200
27740
20187
28600
31237
668
26572
6929
31158
20888
5877
9864
17600
32628
23220
1169
31506
1651
30226
5793
14498
4552
10825
4253
15116
7337
10627
12435
2684
1958
9957
7848
10703
6201
10188
2385
4597
5790
31318
20934
31898
32228
29989
23732
16901
29253
25695
23346
20032
29107
18425
8183
29049
29363
18230
21706
4008
25966
32106
9273
29554
19205
1028
11150
18509
22310
24011
18687
32742
20445
10088
6693
9920
8108
12581
16048
27677
19933
26100
13144
24865
20759
9139
22807
13109
28720
26798
31893
26026
9538
31334
29156
20126
14081
27025
6253
23332
31819
5985
23338
24223
32257
8201
278
29039
27414
20094
25058
8912
4837
32122
21226
510
22984
2503
24679
17054
23526
14778
9958
89
12876
15870
24825
26058
3648
12178
32044
15002
7889
12053
20538
7401
29875
2370
14209
27120
22602
1207
16308
6629
17925
15610
9168
4895
1261
11965
14417
14459
2942
22881
5797
14078
9909
6586
7393
22204
5994
8722
5555
21240
6624
13168
7319
32140
2971
31770
4686
12684
9073
16216
13709
22822
28644
10875
13298
2764
4015
31518
18235
406
22687
23212
12986
29921
24740
4898
13572
4925
7464
278
16874
9350
3231
26361
6314
5968
7776
1433
2662
32136
19635
7657
1236
15449
7467
16389
13624
29517
31542
2929
22415
24245
8434
17569
1549
14666
578
25535
7370
24852
28194
168
1465
17291
23095
16440
217
21757
3242
9927
15535
5935
6199
29683
21235
29511
24193
27552
32138
27369
3241
12350
6068
25761
17950
4683
16263
6017
29111
31000
11164
23051
23807
18639
2312
22609
10704
27061
30093
30042
14883
21677
27154
23496
3622
18686
10577
440
18575
3925
1744
9194
19760
28174
6674
31778
11724
12975
12814
14029
22826
29877
7392
27624
16487
30100
6079
7966
26256
16889
31535
2864
3697
30802
30583
15514
31399
22672
30038
16244
29693
299
28402
25750
2549
32103
21777
25087
16804
2263
21643
21112
9923
11295
4096
22644
29444
5885
8646
26683
16290
23435
31269
32071
30012
28350
28103
16110
28131
4659
2154
22594
32114
2859
30680
1846
21533
19156
8985
9986
28493
27594
16871
14792
3244
10461
2146
13687
21371
12565
15109
6128
10284
31987
16089
1639
24109
2298
31208
31756
15362
6510
6133
19435
1430
27484
1898
31249
211
30426
17042
12273
10352
9872
14600
20486
266
10359
28016
27833
17527
15329
7012
9860
22359
8378
31153
13656
15595
3085
27844
8508
32043
17865
15711
28216
12562
21446
10129
16241
10557
22019
21988
13717
25268
30770
7384
3193
15880
7286
2704
15361
11422
9067
7884
8257
18506
30055
16151
27873
2335
12543
15170
28614
3462
8909
30224
26350
10382
27249
1587
28060
10883
28886
25463
17590
6082
5047
29758
31339
16843
10849
3884
13592
30360
18362
17699
9581
14894
23938
1906
25548
15985
9433
32329
15601
3388
28673
9073
12760
6321
18790
30009
11995
9678
987
21940
15900
17729
8231
27169
14626
20094
11200
3755
15815
4366
31958
12883
27217
12330
28563
12074
9439
23688
2210
29379
29191
24693
8430
2792
7869
12836
32428
27276
16758
70
32667
31489
22158
27866
14474
19819
31719
27207
11804
117
4052
28328
2760
11842
14133
29031
30243
30375
3811
26381
29026
31127
3150
12120
23834
21982
20836
10639
3147
18
30645
25362
2205
1479
5845
5173
27625
4355
2562
24398
29435
16370
14599
1549
11671
9434
26720
2316
28601
592
21663
26023
26657
6061
7439
26126
15
4540
16790
14232
26700
29621
14304
15195
30569
3183
23481
17657
15691
19409
16059
15292
28648
3210
6954
20966
5451
9729
28188
17986
3806
23183
31965
25599
27112
30189
18833
13502
6485
12264
15131
6378
31926
10076
31806
14920
22664
2399
22018
3279
9145
14525
2394
20921
20072
2469
27651
20698
26093
26017
19631
15409
14873
27595
25187
29117
26558
24895
19230
3985
27762
1484
23995
3627
10129
8431
21272
21762
27777
23297
2680
32094
2618
13999
27942
14188
27653
16043
13660
1426
14211
15265
7266
16896
3058
1645
13306
8840
18092
19083
28412
11951
28912
19662
7486
23556
15077
2645
24246
17584
10204
17340
20963
11343
20438
18575
360
18174
23110
5892
21755
30389
5656
9193
2429
29400
21233
24283
29802
3592
24505
18105
5748
3647
21079
8792
16747
19228
31931
12664
21856
1659
13090
27127
22794
13129
18325
5445
29033
7831
24243
25112
31912
12012
433
15969
21576
11744
4511
3454
31355
20454
32749
3761
14030
28266
28717
2001
26123
10268
10010
2111
350
23435
27354
22556
8374
12277
14464
26553
31854
8285
29397
21327
12845
15583
28248
20209
20747
5697
32387
3774
28917
1994
26704
32603
22866
21335
24060
25249
31462
17323
26635
9362
16631
18695
24460
31890
32175
17402
23966
11988
30146
29307
17459
530
20305
13109
17428
15745
26637
4898
1062
17156
22175
22875
19947
6559
6984
1327
25419
31791
17348
29298
24981
16473
1653
6167
21953
10689
6333
5378
26104
32124
17580
32535
13398
27079
475
10391
24302
5625
5527
20396
16654
28342
32322
27714
22981
614
11767
4121
31651
485
22637
3352
10688
14716
22558
21989
17919
5649
28328
19634
29844
2714
25715
29786
22724
27096
19348
14252
3820
2113
27121
15110
1989
14910
3750
27687
10470
662
22184
17470
22155
1322
9384
28742
19092
4580
20539
21398
23761
23530
20535
6324
8316
12567
25696
17515
31495
17835
580
32541
6169
26689
2403
2138
24275
12802
659
2224
19543
1817
28323
13765
22411
31590
26687
1000
32551
5243
13433
15356
6312
27642
11575
4691
6450
4078
16354
4349
25208
10383
19429
20871
16484
18544
30356
3269
19977
3494
22464
25877
9946
24108
21640
9704
14361
17286
7283
7295
18066
10661
31932
28147
31880
1291
32237
3704
5104
9263
32687
15842
28893
12323
18145
11625
16444
8308
12775
12969
28353
9810
1861
11245
3105
21232
4716
31148
28290
32046
723
12628
10799
10870
16714
27975
12689
32483
12172
24099
12635
30889
1555
327
32004
31409
17456
8339
8058
27267
26202
32622
25621
25961
22215
22798
27593
20689
19513
5108
8865
18932
2843
20149
10600
14517
15564
10752
1961
2508
20795
29661
14811
21539
7860
6195
28629
28032
13305
31373
3976
12901
4245
7453
20460
1333
14189
14594
59
18583
20376
11206
20318
22815
18288
24107
10148
18988
11753
2087
29370
27148
13858
30253
23000
20839
6458
13230
22072
474
19045
16096
9676
22498
12607
10686
30768
21500
24160
19536
26590
32522
28208
27692
5025
28153
3580
32061
27724
10401
22346
24515
2731
30700
30058
16283
8634
24379
18766
30913
24853
17669
32668
9491
23472
3777
19712
14167
18120
13319
17607
18304
9497
3314
32170
29741
12882
24520
30951
32115
8902
29149
32663
31964
2916
8116
27195
24239
1513
16488
1688
114
25940
22602
4037
6318
3738
24268
27778
19442
18844
7070
10187
4890
7766
24342
22445
22225
4697
6613
26201
25685
23163
6056
29047
8059
21709
25004
13244
5618
24269
2998
11455
22475
23517
28913
31496
14649
32756
9161
7274
24982
12948
5384
2196
19367
7676
13887
23010
6945
16030
7016
30841
27500
1747
24521
31634
31654
27342
21020
13590
23531
26830
11244
7020
32724
24984
22594
1422
23101
21797
3457
28003
26188
22424
16015
11337
16815
21107
10037
26096
15396
26121
30665
5487
63
32567
25610
28817
14696
30031
6475
5488
23331
17493
24532
13894
28052
14190
27525
14207
834
6037
8124
29715
15387
12944
19065
7186
31160
20002
6848
24961
10467
23427
22079
26468
17494
32525
4657
10012
29894
16440
29570
16371
29216
30152
14900
25846
2579
16965
7169
23811
28622
13484
12866
18722
14603
24932
32527
9496
11340
1907
19880
13882
17508
5618
29203
23680
3386
9662
11271
31194
15818
15217
12553
25543
13164
26001
8661
4899
12889
2823
28415
1600
3947
32210
28890
2361
10020
9724
13977
22659
17906
22733
20660
20933
26033
12352
6798
9962
25714
30387
18260
18292
6267
31458
13864
29715
25999
24598
20863
12406
14191
16026
32199
1889
1440
10351
23374
21760
17519
26176
24415
2939
26419
152
2222
9674
22482
26963
13045
15563
1926
22867
19936
29329
31969
13940
31527
10239
783
5569
22521
12438
24156
11752
30113
30860
10741
19947
17764
20766
17139
11289
31656
22311
25749
8509
11868
10224
22989
9237
12947
22602
26623
6405
32114
25050
22277
18957
3149
31413
14966
6905
6157
2861
24616
19927
6101
13802
2035
27566
22245
9788
18616
9581
8638
6319
18082
16674
20102
20960
7852
26476
9391
30608
11108
25907
26580
32759
1774
13718
2531
11098
28235
26661
18561
15328
27100
14161
14762
24482
24353
25376
2968
257
28615
9254
31719
28988
18914
19120
18934
8514
19831
24130
10384
23748
11069
20804
29388
15247
24740
7416
10289
15641
13591
22959
29726
16985
7294
10045
17513
23004
8968
31146
13127
4630
17959
7722
18540
17910
24284
3151
21875
6077
308
22398
29055
3599
29971
21664
22563
1866
11312
18457
12159
30488
22881
12286
31148
8768
3353
32386
13659
19650
31534
22706
29112
3618
19936
11619
22933
16388
10776
14440
31172
15097
18669
17928
18116
21913
19052
19119
9633
22994
9625
8931
31765
25727
22961
3962
3059
25404
17586
16906
7621
9337
17181
3490
16052
11726
31995
4023
5545
19598
1054
25953
5042
5279
10153
16584
935
16777
8403
29400
15629
11724
31975
15677
32314
21623
26767
139
12730
4342
16467
6844
8946
4396
2653
2528
26115
11714
15743
10000
30450
7358
31095
3492
21509
12887
5233
678
6000
9223
8653
28806
21552
483
22051
19214
14904
23080
27780
28569
17867
15126
28931
21888
32297
1793
5236
8918
1901
20133
28020
31061
2998
9658
19114
3991
16261
9672
31308
27274
1382
4925
10980
19230
29907
22717
18772
9280
18517
19641
23
11532
30444
30019
15307
25406
31921
15904
22764
4586
5818
21791
24291
12398
30270
8362
27711
11684
12025
1179
14402
31580
25810
26961
19871
28169
31932
14594
25218
17594
21722
18258
29137
27980
18406
22309
31153
22750
32723
12978
845
29830
23473
2522
22483
6722
27858
2743
1726
3634
20267
26743
8539
23556
24828
17515
20358
10415
7604
11611
8629
19556
8207
10525
17465
18625
3969
31845
30656
28489
31959
9439
29469
19473
29212
14715
4684
10427
14777
9481
30384
15272
8417
28421
31904
22378
14636
1716
10786
11896
23938
17520
31478
32550
32315
5439
11735
15316
30852
1195
30461
869
32005
6350
15334
32243
18881
13485
15446
29120
15165
29895
19613
9328
30948
14829
1304
23670
16554
22099
2810
5837
5616
4328
22092
17640
22439
29411
6451
9963
441
5022
11378
5659
7588
22184
9519
21395
9832
20502
30714
12090
25508
17177
19723
6897
32764
28374
27083
32273
24253
7537
21399
23828
29892
10603
4032
10642
10396
27951
9430
20080
32230
20711
16678
19540
4094
27284
10881
31323
8155
25694
23359
16143
14647
7464
28804
21907
13040
14184
19906
29473
3759
2614
6527
24759
31687
10403
30553
23820
352
29515
9031
23241
5076
26670
21025
28406
6489
9403
31587
946
8673
20014
28718
9000
22078
21532
25487
28350
25226
16716
18436
5775
24518
3785
9788
25884
193
11573
20767
13118
1595
14432
6926
22624
15947
2330
28780
27370
4862
6469
31581
25856
27713
28206
13517
365
26881
32029
1717
25818
13200
15914
25497
26436
30027
24915
30550
4525
11642
22988
21786
9233
28535
13206
18100
14235
19475
26451
8462
20761
27189
8281
16887
30638
4804
10501
6950
9158
13255
29009
28284
6735
7883
25513
8074
2087
1669
31739
15955
29136
32697
21774
12115
19307
2395
8212
5312
19684
24563
14978
23823
22122
8262
22047
6842
31010
32050
26459
2369
30748
3290
19939
25455
21894
28931
27506
28382
16415
24254
7402
24765
29935
18760
18851
32721
26934
13358
32003
10170
1000
32590
3152
31196
9204
31783
9227
16157
2332
7981
28605
14579
4878
28731
12331
23591
32320
10620
10270
19556
23421
25892
25425
6034
11749
21341
25741
15199
10805
3204
32531
10526
31560
21398
24378
15317
12254
23781
1625
21649
13725
27920
15847
4349
1365
25649
17889
20531
25736
2392
17004
31186
24618
10809
11452
15185
25765
25377
19252
12179
5920
9007
29903
9403
21505
16576
9150
29761
30384
12843
6995
8518
20126
16047
9501
12580
25991
15273
10581
29258
31476
10762
9848
9543
22787
18441
19510
15396
26218
27413
15755
9207
6586
13838
15916
19637
12769
32692
20260
25416
22515
32096
32447
29153
3626
1522
28583
23184
4139
266
23373
24594
2186
22139
5002
12522
16273
29180
18311
10419
10045
12065
4058
15284
26762
16778
1521
16565
22000
27995
27316
3345
26414
9195
8294
5901
8774
22721
31692
4712
5577
8892
12434
15155
18516
32145
23786
17123
16731
16251
30838
5029
3877
5933
10856
24049
28184
9740
19176
9314
30007
2715
5046
14789
27625
28470
17424
25968
11516
28932
15318
8661
15081
29479
20972
10582
26970
12853
27104
17755
16361
11244
3276
5026
31275
12065
2430
13783
18669
10234
24535
8037
14525
31837
31601
30091
25005
3240
388
13746
17491
11427
13835
5630
30740
10419
15394
21539
3747
11088
13747
26234
20676
5816
1617
17236
14422
9957
15716
12942
19344
28605
27527
23909
15755
2954
26414
4236
30720
3497
17548
25724
29268
3462
1204
16396
31185
24008
16382
26945
20279
17352
20396
6247
15731
17224
15053
16736
3502
21090
27234
1853
31881
2494
26816
3595
5287
9480
12341
7919
4717
26529
19694
21110
13573
14741
22040
13606
8361
4302
582
6745
13854
31367
23315
4427
894
22787
21512
12401
12859
10622
18624
11020
5729
26212
9801
25855
17179
22977
17358
30941
18553
29688
11891
25671
32368
31417
27777
20085
291
9261
31683
7442
16992
29299
3888
19277
21614
25424
20425
14125
20998
18466
9413
22820
1951
23062
18156
6632
16879
24219
9025
14974
26030
28695
20707
663
13469
16088
7733
10528
25543
24141
31037
11029
26374
29302
14154
1174
5578
20889
32730
60
3350
28215
24250
4269
29387
7486
16751
26734
32297
3200
25557
17401
27027
32100
28678
6672
12690
6107
21885
9808
17693
27030
7036
521
2840
25975
12970
16205
24858
30533
2561
14919
30579
32675
27367
5326
11886
19523
24731
4154
22739
24663
11987
14711
1968
8520
7076
7000
17241
15275
4257
27437
21934
21617
22343
25495
2460
23133
29849
16795
999
3004
26631
6134
6438
1104
20884
27824
17679
26509
17208
21748
9972
31496
16771
799
10126
17708
14212
31511
11258
1070
25065
24798
31233
4420
30055
5479
12700
1042
1117
5544
32695
10853
26548
20464
28214
10276
12041
25467
30006
21380
23566
32324
12693
8570
27949
19738
25780
13942
31599
12790
8571
28494
28573
13452
19102
30328
4773
24864
17951
14717
32062
2459
2581
21162
10959
7390
26283
15113
13197
2134
12651
22672
29156
22480
13757
15511
5913
1935
3754
9872
29485
15516
19942
7922
29700
22366
5134
15990
8135
5226
32302
30086
3718
12188
3206
26610
10018
15719
26254
12518
9066
11881
8247
8985
8068
12611
25716
22854
14479
26279
10489
10976
32390
7091
20290
22786
15719
32381
22232
1957
24981
239
1232
22293
31611
24021
9364
12710
9843
29748
17894
8610
22246
27869
7201
17287
21428
24131
25282
10351
24278
25226
27432
15568
20802
21472
14232
1893
11790
8976
18308
21612
28889
31828
30989
8466
7015
11883
9158
23340
18059
2028
20667
18727
14922
7898
13234
11842
20797
13944
18864
32506
11063
14175
16575
14790
29480
28109
3311
14341
15425
576
20123
2869
14937
24644
28141
14949
22928
32649
4004
29677
31026
17208
18197
1884
19934
25479
10608
15282
12007
5516
9797
21968
21242
25934
18759
25388
16385
30242
18767
7369
29256
7477
2212
30311
32478
2661
27257
11767
13631
29525
8631
28497
1071
29888
23805
24617
9705
7693
29669
10303
22393
23332
31114
18903
8039
12417
22599
24169
26517
32134
23233
2969
28266
14614
17959
17513
21296
23647
27064
10926
16827
28663
18310
9409
332
28459
14970
31606
27317
30100
15769
5202
2493
27371
14469
7160
28101
8477
30023
13541
28076
6306
9035
32349
25329
24331
2988
1957
8215
15323
23219
883
9806
8088
8858
20387
24143
2338
31637
9515
22664
21827
25875
1105
22649
11398
19520
12572
12126
845
23503
21512
10766
24606
30968
4861
5667
23614
4540
13954
8795
4737
8304
12079
7742
28768
2169
3936
23809
7500
12373
19761
16299
27714
31963
24742
10870
2976
4547
4649
27000
26423
31592
3386
18562
28833
9677
2914
25161
16852
17630
11112
27331
19960
4601
18632
30932
5238
685
26465
4906
2642
23746
1902
1126
11706
19321
30135
14972
30687
23060
27657
13660
8451
30617
5603
18642
27347
26580
19826
13738
25848
17819
9407
24089
24553
31318
3880
6488
515
20158
16141
27282
13019
30948
3019
7936
20691
19317
29678
5971
25835
27197
4002
16466
18650
10219
1899
32452
29534
28948
25366
4752
24272
26746
17648
13603
15867
6285
25909
30482
29486
24114
25035
8448
32144
28868
13872
7107
20660
11096
28594
9154
19053
31558
29150
19361
15076
6117
24378
4641
13031
26517
31287
3905
3204
13827
4705
31914
25047
8104
20953
7497
26144
22163
32517
18494
21784
9321
1670
6901
27782
19882
24938
5778
9229
14901
11171
11411
5960
1807
32440
32432
22041
25952
25787
22022
3901
27326
30587
5493
18724
13998
32762
11079
7424
4456
10786
17938
10269
26587
8371
20703
10096
18673
9600
31371
29042
18452
31195
19566
16943
26865
11086
5179
3481
30844
6284
9511
19491
30516
17062
13390
30091
30888
16002
21586
7671
7226
23178
21573
26948
803
19617
1481
18587
26551
31835
11893
13893
14826
15725
10363
25536
25876
3682
30344
3602
8945
12176
20204
27741
32748
9803
25083
27828
29853
88
24499
13101
14480
27556
159
3895
12872
30262
5626
23342
10371
2659
25880
31277
6336
31553
20994
26660
22271
13662
7521
4138
23240
26545
14749
23828
23918
14544
31557
14406
11669
23652
10418
27337
23538
7386
11495
5278
9554
11612
29116
11858
15838
22528
9532
18643
24989
23615
28235
32642
20026
4520
21644
20617
2568
3003
31199
11851
23234
14616
28686
7608
973
4167
19163
26242
12051
18882
1986
8716
6913
19093
22187
25445
26102
28919
12550
16913
32245
5418
26394
525
14494
4515
6042
32013
10076
5739
17786
12552
31711
19397
0
6134
4301
2065
20766
11481
27316
7408
26111
16890
17732
32681
9696
3189
187
20684
11041
2295
928
1813
21148
7623
25780
16786
21813
7683
28966
1288
8114
4653
25350
26772
23758
27110
23548
30094
25992
31480
30778
16050
3009
29082
3503
29314
29446
5616
27517
27878
27563
2770
11694
3094
1049
27086
31010
19641
17512
24688
13260
29007
18481
12992
3359
14540
10909
18189
27330
26757
30914
7913
3467
11600
7728
24949
683
6119
32710
23263
13606
14478
14539
5416
13191
7670
11834
28203
32209
15200
27740
20187
28600
31237
668
26572
6929
31158
20888
5877
9864
17600
32628
23220
1169
31506
1651
30226
5793
14498
4552
10825
4253
15116
7337
10627
12435
2684
1958
9957
7848
10703
6201
10188
2385
4597
5790
31318
20934
31898
32228
29989
23732
16901
29253
25695
23346
20032
29107
18425
8183
29049
29363
18230
21706
4008
25966
32106
9273
29554
19205
1028
11150
18509
22310
24011
18687
32742
20445
10088
6693
9920
8108
12581
16048
27677
19933
26100
13144
24865
20759
9139
22807
13109
28720
26798
31893
26026
9538
31334
29156
20126
14081
27025
6253
23332
31819
5985
23338
24223
32257
8201
278
29039
27414
20094
25058
8912
4837
32122
21226
510
22984
2503
24679
17054
23526
14778
9958
89
12876
15870
24825
26058
3648
12178
32044
15002
7889
12053
20538
7401
29875
2370
14209
27120
22602
1207
16308
6629
17925
15610
9168
4895
1261
11965
14417
14459
2942
22881
5797
14078
9909
6586
7393
22204
5994
8722
5555
21240
6624
13168
7319
32140
2971
31770
4686
12684
9073
16216
13709
22822
28644
10875
13298
2764
4015
31518
18235
406
22687
23212
12986
29921
24740
4898
13572
4925
7464
278
16874
9350
3231
26361
6314
5968
7776
1433
2662
32136
19635
7657
1236
15449
7467
16389
13624
29517
31542
2929
22415
24245
8434
17569
1549
14666
578
25535
7370
24852
28194
168
1465
17291
23095
16440
217
21757
3242
9927
15535
5935
6199
29683
21235
29511
24193
27552
32138
27369
3241
12350
6068
25761
17950
4683
16263
6017
29111
31000
11164
23051
23807
18639
2312
22609
10704
27061
30093
30042
14883
21677
27154
23496
3622
18686
10577
440
18575
3925
1744
9194
19760
28174
6674
31778
11724
12975
12814
14029
22826
29877
7392
27624
16487
30100
6079
7966
26256
16889
31535
2864
3697
30802
30583
15514
31399
22672
30038
16244
29693
299
28402
25750
2549
32103
21777
25087
16804
2263
21643
21112
9923
11295
4096
22644
29444
5885
8646
26683
16290
23435
31269
32071
30012
28350
28103
16110
28131
4659
2154
22594
32114
2859
30680
1846
21533
19156
8985
9986
28493
27594
16871
14792
3244
10461
2146
13687
21371
12565
15109
6128
10284
31987
16089
1639
24109
2298
31208
31756
15362
6510
6133
19435
1430
27484
1898
31249
211
30426
17042
12273
10352
9872
14600
20486
266
10359
28016
27833
17527
15329
7012
9860
22359
8378
31153
13656
15595
3085
27844
8508
32043
17865
15711
28216
12562
21446
10129
16241
10557
22019
21988
13717
25268
30770
7384
3193
15880
7286
2704
15361
11422
9067
7884
8257
18506
30055
16151
27873
2335
12543
15170
28614
3462
8909
30224
26350
10382
27249
1587
28060
10883
28886
25463
17590
6082
5047
29758
31339
16843
10849
3884
13592
30360
18362
17699
9581
14894
23938
1906
25548
15985
9433
32329
15601
3388
28673
9073
12760
6321
18790
30009
11995
9678
987
21940
15900
17729
8231
27169
14626
20094
11200
3755
15815
4366
31958
12883
27217
12330
28563
12074
9439
23688
2210
29379
29191
24693
8430
2792
7869
12836
32428
27276
16758
70
32667
31489
22158
27866
14474
19819
31719
27207
11804
117
4052
28328
2760
11842
14133
29031
30243
30375
3811
26381
29026
31127
3150
12120
23834
21982
20836
10639
3147
18
30645
25362
2205
1479
5845
5173
27625
4355
2562
24398
29435
16370
14599
1549
11671
9434
26720
2316
28601
592
21663
26023
26657
6061
7439
26126
15
4540
16790
14232
26700
29621
14304
15195
30569
3183
23481
17657
15691
19409
16059
15292
28648
3210
6954
20966
5451
9729
28188
17986
3806
23183
31965
25599
27112
30189
18833
13502
6485
12264
15131
6378
31926
10076
31806
14920
22664
2399
22018
3279
9145
14525
2394
20921
20072
2469
27651
20698
26093
26017
19631
15409
14873
27595
25187
29117
26558
24895
19230
3985
27762
1484
23995
3627
10129
8431
21272
21762
27777
23297
2680
32094
2618
13999
27942
14188
27653
16043
13660
1426
14211
15265
7266
16896
3058
1645
13306
8840
18092
19083
28412
11951
28912
19662
7486
23556
15077
2645
24246
17584
10204
17340
20963
11343
20438
18575
360
18174
23110
5892
21755
30389
5656
9193
2429
29400
21233
24283
29802
3592
24505
18105
5748
3647
21079
8792
16747
19228
31931
12664
21856
1659
13090
27127
22794
13129
18325
5445
29033
7831
24243
25112
31912
12012
433
15969
21576
11744
4511
3454
31355
20454
32749
3761
14030
28266
28717
2001
26123
10268
10010
2111
350
23435
27354
22556
8374
12277
14464
26553
31854
8285
29397
21327
12845
15583
28248
20209
20747
5697
32387
3774
28917
1994
26704
32603
22866
21335
24060
25249
31462
17323
26635
9362
16631
18695
24460
31890
32175
17402
23966
11988
30146
29307
17459
530
20305
13109
17428
15745
26637
4898
1062
17156
22175
22875
19947
6559
6984
1327
25419
31791
17348
29298
24981
16473
1653
6167
21953
10689
6333
5378
26104
32124
17580
32535
13398
27079
475
10391
24302
5625
5527
20396
16654
28342
32322
27714
22981
614
11767
4121
31651
485
22637
3352
10688
14716
22558
21989
17919
5649
28328
19634
29844
2714
25715
29786
22724
27096
19348
14252
3820
2113
27121
15110
1989
14910
3750
27687
10470
662
22184
17470
22155
1322
9384
28742
19092
4580
20539
21398
23761
23530
20535
6324
8316
12567
25696
17515
31495
17835
580
32541
6169
26689
2403
2138
24275
12802
659
2224
19543
1817
28323
13765
22411
31590
26687
1000
32551
5243
13433
15356
6312
27642
11575
4691
6450
4078
16354
4349
25208
10383
19429
20871
16484
18544
30356
3269
19977
3494
22464
25877
9946
24108
21640
9704
14361
17286
7283
7295
18066
10661
31932
28147
31880
1291
32237
3704
5104
9263
32687
15842
28893
12323
18145
11625
16444
8308
12775
12969
28353
9810
1861
11245
3105
21232
4716
31148
28290
32046
723
12628
10799
10870
16714
27975
12689
32483
12172
24099
12635
30889
1555
327
32004
31409
17456
8339
8058
27267
26202
32622
25621
25961
22215
22798
27593
20689
19513
5108
8865
18932
2843
20149
10600
14517
15564
10752
1961
2508
20795
29661
14811
21539
7860
6195
28629
28032
13305
31373
3976
12901
4245
7453
20460
1333
14189
14594
59
18583
20376
11206
20318
22815
18288
24107
10148
18988
11753
2087
29370
27148
13858
30253
23000
20839
6458
13230
22072
474
19045
16096
9676
22498
12607
10686
30768
21500
24160
19536
26590
32522
28208
27692
5025
28153
3580
32061
27724
10401
22346
24515
2731
30700
30058
16283
8634
24379
18766
30913
24853
17669
32668
9491
23472
3777
19712
14167
18120
13319
17607
18304
9497
3314
32170
29741
12882
24520
30951
32115
8902
29149
32663
31964
2916
8116
27195
24239
1513
16488
1688
114
25940
22602
4037
6318
3738
24268
27778
19442
18844
7070
10187
4890
7766
24342
22445
22225
4697
6613
26201
25685
23163
6056
29047
8059
21709
25004
13244
5618
24269
2998
11455
22475
23517
28913
31496
14649
32756
9161
7274
24982
12948
5384
2196
19367
7676
13887
23010
6945
16030
7016
30841
27500
1747
24521
31634
31654
27342
21020
13590
23531
26830
11244
7020
32724
24984
22594
1422
23101
21797
3457
28003
26188
22424
16015
11337
16815
21107
10037
26096
15396
26121
30665
5487
63
32567
25610
28817
14696
30031
6475
5488
23331
17493
24532
13894
28052
14190
27525
14207
834
6037
8124
29715
15387
12944
19065
7186
31160
20002
6848
24961
10467
23427
22079
26468
17494
32525
4657
10012
29894
16440
29570
16371
29216
30152
14900
25846
2579
16965
7169
23811
28622
13484
12866
18722
14603
24932
32527
9496
11340
1907
19880
13882
17508
5618
29203
23680
3386
9662
11271
31194
15818
15217
12553
25543
13164
26001
8661
4899
12889
2823
28415
1600
3947
32210
28890
2361
10020
9724
13977
22659
17906
22733
20660
20933
26033
12352
6798
9962
25714
30387
18260
18292
6267
31458
13864
29715
25999
24598
20863
12406
14191
16026
32199
1889
1440
10351
23374
21760
17519
26176
24415
2939
26419
152
2222
9674
22482
26963
13045
15563
1926
22867
19936
29329
31969
13940
31527
10239
783
5569
22521
12438
24156
11752
30113
30860
10741
19947
17764
20766
17139
11289
31656
22311
25749
8509
11868
10224
22989
9237
12947
22602
26623
6405
32114
25050
22277
18957
3149
31413
14966
6905
6157
2861
24616
19927
6101
13802
2035
27566
22245
9788
18616
9581
8638
6319
18082
16674
20102
20960
7852
26476
9391
30608
11108
25907
26580
32759
1774
13718
2531
11098
28235
26661
18561
15328
27100
14161
14762
24482
24353
25376
2968
257
28615
9254
31719
28988
18914
19120
18934
8514
19831
24130
10384
23748
11069
20804
29388
15247
24740
7416
10289
15641
13591
22959
29726
16985
7294
10045
17513
23004
8968
31146
13127
4630
17959
7722
18540
17910
24284
3151
21875
6077
308
22398
29055
3599
29971
21664
22563
1866
11312
18457
12159
30488
22881
12286
31148
8768
3353
32386
13659
19650
31534
22706
29112
3618
19936
11619
22933
16388
10776
14440
31172
15097
18669
17928
18116
21913
19052
19119
9633
22994
9625
8931
31765
25727
22961
3962
3059
25404
17586
16906
7621
9337
17181
3490
16052
11726
31995
4023
5545
19598
1054
25953
5042
5279
10153
16584
935
16777
8403
29400
15629
11724
31975
15677
32314
21623
26767
139
12730
4342
16467
6844
8946
4396
2653
2528
26115
11714
15743
10000
30450
7358
31095
3492
21509
12887
5233
678
6000
9223
8653
28806
21552
483
22051
19214
14904
23080
27780
28569
17867
15126
28931
21888
32297
1793
5236
8918
1901
20133
28020
31061
2998
9658
19114
3991
16261
9672
31308
27274
1382
4925
10980
19230
29907
22717
18772
9280
18517
19641
23
11532
30444
30019
15307
25406
31921
15904
22764
4586
5818
21791
24291
12398
30270
8362
27711
11684
12025
1179
14402
31580
25810
26961
19871
28169
31932
14594
25218
17594
21722
18258
29137
27980
18406
22309
31153
22750
32723
12978
845
29830
23473
2522
22483
6722
27858
2743
1726
3634
20267
26743
8539
23556
24828
17515
20358
10415
7604
11611
8629
19556
8207
10525
17465
18625
3969
31845
30656
28489
31959
9439
29469
19473
29212
14715
4684
10427
14777
9481
30384
15272
8417
28421
31904
22378
14636
1716
10786
11896
23938
17520
31478
32550
32315
5439
11735
15316
30852
1195
30461
869
32005
6350
15334
32243
18881
13485
15446
29120
15165
29895
19613
9328
30948
14829
1304
23670
16554
22099
2810
5837
5616
4328
22092
17640
22439
29411
6451
9963
441
5022
11378
5659
7588
22184
9519
21395
9832
20502
30714
12090
25508
17177
19723
6897
32764
28374
27083
32273
24253
7537
21399
23828
29892
10603
4032
10642
10396
27951
9430
20080
32230
20711
16678
19540
4094
27284
10881
31323
8155
25694
23359
16143
14647
7464
28804
21907
13040
14184
19906
29473
3759
2614
6527
24759
31687
10403
30553
23820
352
29515
9031
23241
5076
26670
21025
28406
6489
9403
31587
946
8673
20014
28718
9000
22078
21532
25487
28350
25226
16716
18436
5775
24518
3785
9788
25884
193
11573
20767
13118
1595
14432
6926
22624
15947
2330
28780
27370
4862
6469
31581
25856
27713
28206
13517
365
26881
32029
1717
25818
13200
15914
25497
26436
30027
24915
30550
4525
11642
22988
21786
9233
28535
13206
18100
14235
19475
26451
8462
20761
27189
8281
16887
30638
4804
10501
6950
9158
13255
29009
28284
6735
7883
25513
8074
2087
1669
31739
15955
29136
32697
21774
12115
19307
2395
8212
5312
19684
24563
14978
23823
22122
8262
22047
6842
31010
32050
26459
2369
30748
3290
19939
25455
21894
28931
27506
28382
16415
24254
7402
24765
29935
18760
18851
32721
26934
13358
32003
10170
1000
32590
3152
31196
9204
31783
9227
16157
2332
7981
28605
14579
4878
28731
12331
23591
32320
10620
10270
19556
23421
25892
25425
6034
11749
21341
25741
15199
10805
3204
32531
10526
31560
21398
24378
15317
12254
23781
1625
21649
13725
27920
15847
4349
1365
25649
17889
20531
25736
2392
17004
31186
24618
10809
11452
15185
25765
25377
19252
12179
5920
9007
29903
9403
21505
16576
9150
29761
30384
12843
6995
8518
20126
16047
9501
12580
25991
15273
10581
29258
31476
10762
9848
9543
22787
18441
19510
15396
26218
27413
15755
9207
6586
13838
15916
19637
12769
32692
20260
25416
22515
32096
32447
29153
3626
1522
28583
23184
4139
266
23373
24594
2186
22139
5002
12522
16273
29180
18311
10419
10045
12065
4058
15284
26762
16778
1521
16565
22000
27995
27316
3345
26414
9195
8294
5901
8774
22721
31692
4712
5577
8892
12434
15155
18516
32145
23786
17123
16731
16251
30838
5029
3877
5933
10856
24049
28184
9740
19176
9314
30007
2715
5046
14789
27625
28470
17424
25968
11516
28932
15318
8661
15081
29479
20972
10582
26970
12853
27104
17755
16361
11244
3276
5026
31275
12065
2430
13783
18669
10234
24535
8037
14525
31837
31601
30091
25005
3240
388
13746
17491
11427
13835
5630
30740
10419
15394
21539
3747
11088
13747
26234
20676
5816
1617
17236
14422
9957
15716
12942
19344
28605
27527
23909
15755
2954
26414
4236
30720
3497
17548
25724
29268
3462
1204
16396
31185
24008
16382
26945
20279
17352
20396
6247
15731
17224
15053
16736
3502
21090
27234
1853
31881
2494
26816
3595
5287
9480
12341
7919
4717
26529
19694
21110
13573
14741
22040
13606
8361
4302
582
6745
13854
31367
23315
4427
894
22787
21512
12401
12859
10622
18624
11020
5729
26212
9801
25855
17179
22977
17358
30941
18553
29688
11891
25671
32368
31417
27777
20085
291
9261
31683
7442
16992
29299
3888
19277
21614
25424
20425
14125
20998
18466
9413
22820
1951
23062
18156
6632
16879
24219
9025
14974
26030
28695
20707
663
13469
16088
7733
10528
25543
24141
31037
11029
26374
29302
14154
1174
5578
20889
32730
60
3350
28215
24250
4269
29387
7486
16751
26734
32297
3200
25557
17401
27027
32100
28678
6672
12690
6107
21885
9808
17693
27030
7036
521
2840
25975
12970
16205
24858
30533
2561
14919
30579
32675
27367
5326
11886
19523
24731
4154
22739
24663
11987
14711
1968
8520
7076
7000
17241
15275
4257
27437
21934
21617
22343
25495
2460
23133
29849
16795
999
3004
26631
6134
6438
1104
20884
27824
17679
26509
17208
21748
9972
31496
16771
799
10126
17708
14212
31511
11258
1070
25065
24798
31233
4420
30055
5479
12700
1042
1117
5544
32695
10853
26548
20464
28214
10276
12041
25467
30006
21380
23566
32324
12693
8570
27949
19738
25780
13942
31599
12790
8571
28494
28573
13452
19102
30328
4773
24864
17951
14717
32062
2459
2581
21162
10959
7390
26283
15113
13197
2134
12651
22672
29156
22480
13757
15511
5913
1935
3754
9872
29485
15516
19942
7922
29700
22366
5134
15990
8135
5226
32302
30086
3718
12188
3206
26610
10018
15719
26254
12518
9066
11881
8247
8985
8068
12611
25716
22854
14479
26279
10489
10976
32390
7091
20290
22786
15719
32381
22232
1957
24981
239
1232
22293
31611
24021
9364
12710
9843
29748
17894
8610
22246
27869
7201
17287
21428
24131
25282
10351
24278
25226
27432
15568
20802
21472
14232
1893
11790
8976
18308
21612
28889
31828
30989
8466
7015
11883
9158
23340
18059
2028
20667
18727
14922
7898
13234
11842
20797
13944
18864
32506
11063
14175
16575
14790
29480
28109
3311
14341
15425
576
20123
2869
14937
24644
28141
14949
22928
32649
4004
29677
31026
17208
18197
1884
19934
25479
10608
15282
12007
5516
9797
21968
21242
25934
18759
25388
16385
30242
18767
7369
29256
7477
2212
30311
32478
2661
27257
11767
13631
29525
8631
28497
1071
29888
23805
24617
9705
7693
29669
10303
22393
23332
31114
18903
8039
12417
22599
24169
26517
32134
23233
2969
28266
14614
17959
17513
21296
23647
27064
10926
16827
28663
18310
9409
332
28459
14970
31606
27317
30100
15769
5202
2493
27371
14469
7160
28101
8477
30023
13541
28076
6306
9035
32349
25329
24331
2988
1957
8215
15323
23219
883
9806
8088
8858
20387
24143
2338
31637
9515
22664
21827
25875
1105
22649
11398
19520
12572
12126
845
23503
21512
10766
24606
30968
4861
5667
23614
4540
13954
8795
4737
8304
12079
7742
28768
2169
3936
23809
7500
12373
19761
16299
27714
31963
24742
10870
2976
4547
4649
27000
26423
31592
3386
18562
28833
9677
2914
25161
16852
17630
11112
27331
19960
4601
18632
30932
5238
685
26465
4906
2642
23746
1902
1126
11706
19321
30135
14972
30687
23060
27657
13660
8451
30617
5603
18642
27347
26580
19826
13738
25848
17819
9407
24089
24553
31318
3880
6488
515
20158
16141
27282
13019
30948
3019
7936
20691
19317
29678
5971
25835
27197
4002
16466
18650
10219
1899
32452
29534
28948
25366
4752
24272
26746
17648
13603
15867
6285
25909
30482
29486
24114
25035
8448
32144
28868
13872
7107
20660
11096
28594
9154
19053
31558
29150
19361
15076
6117
24378
4641
13031
26517
31287
3905
3204
13827
4705
31914
25047
8104
20953
7497
26144
22163
32517
18494
21784
9321
1670
6901
27782
19882
24938
5778
9229
14901
11171
11411
5960
1807
32440
32432
22041
25952
25787
22022
3901
27326
30587
5493
18724
13998
32762
11079
7424
4456
10786
17938
10269
26587
8371
20703
10096
18673
9600
31371
29042
18452
31195
19566
16943
26865
11086
5179
3481
30844
6284
9511
19491
30516
17062
13390
30091
30888
16002
21586
7671
7226
23178
21573
26948
803
19617
1481
18587
26551
31835
11893
13893
14826
15725
10363
25536
25876
3682
30344
3602
8945
12176
20204
27741
32748
9803
25083
27828
29853
88
24499
13101
14480
27556
159
3895
12872
30262
5626
23342
10371
2659
25880
31277
6336
31553
20994
26660
22271
13662
7521
4138
23240
26545
14749
23828
23918
14544
31557
14406
11669
23652
10418
27337
23538
7386
11495
5278
9554
11612
29116
11858
15838
22528
9532
18643
24989
23615
28235
32642
20026
4520
21644
20617
2568
