   12    24    42    73    76    76    83    90    96    99   137 
  141   159   165   184   199   202   208   214   216   227   234 
  238   254   289   294   295   301   304   305   307   308   313 
  327   329   330   336   361   363   374   384   387   399   409 
  409   436   488   491   496   520   529   536   547   547   568 
  573   574   581   583   583   586   593   600   603   603   609 
  622   628   637   662   669   680   682   684   693   696   702 
  702   705   710   711   721   730   751   755   755   756   763 
  767   775   776   784   797   799   806   806   812   821   828 
  844   844   849   883   891   896   898   899   900   904   923 
  928   946   947   951   951   955   961   964   967   974   980 
  984   984   989  1007  1009  1023  1028  1029  1031  1036  1039 
 1039  1064  1079  1081  1086  1088  1108  1135  1170  1177  1179 
 1206  1244  1249  1260  1270  1304  1314  1318  1324  1346  1368 
 1371  1374  1376  1376  1393  1396  1397  1398  1404  1408  1418 
 1422  1427  1428  1433  1434  1438  1439  1442  1445  1451  1451 
 1474  1477  1491  1491  1496  1497  1507  1534  1538  1551  1566 
 1574  1577  1580  1581  1585  1587  1594  1596  1621  1625  1627 
 1630  1640  1648  1656  1658  1666  1673  1675  1690  1693  1699 
 1703  1710  1715  1716  1719  1720  1724  1728  1739  1739  1774 
 1775  1778  1782  1788  1791  1805  1806  1816  1817  1820  1824 
 1827  1827  1833  1843  1859  1861  1864  1867  1875  1887  1907 
 1915  1922  1933  1937  1940  1940  1950  1980  1990  1994  2001 
 2003  2010  2019  2040  2052  2052  2055  2058  2064  2067  2068 
 2069  2087  2092  2108  2113  2137  2149  2155  2182  2203  2208 
 2225  2232  2233  2243  2247  2259  2287  2294  2304  2319  2329 
 2346  2347  2357  2371  2401  2401  2412  2437  2466  2475  2492 
 2493  2516  2516  2517  2518  2520  2531  2548  2550  2556  2558 
 2562  2563  2588  2589  2617  2617  2645  2652  2653  2663  2670 
 2671  2675  2682  2689  2690  2692  2696  2704  2705  2709  2732 
 2735  2739  2744  2747  2760  2769  2776  2782  2792  2796  2816 
 2826  2841  2866  2868  2874  2877  2881  2889  2902  2911  2913 
 2916  2918  2930  2931  2935  2952  2956  2976  2978  2984  2990 
 2997  3011  3015  3017  3024  3026  3030  3031  3037  3049  3050 
 3053  3059  3085  3088  3094  3098  3099  3103  3106  3114  3115 
 3117  3121  3135  3136  3136  3136  3150  3153  3173  3186  3199 
 3208  3210  3221  3227  3249  3264  3265  3267  3281  3298  3304 
 3308  3312  3313  3333  3346  3359  3387  3395  3402  3404  3418 
 3419  3442  3451  3454  3466  3471  3494  3495  3497  3500  3510 
 3513  3514  3517  3525  3556  3563  3567  3569  3581  3590  3598 
 3606  3608  3617  3618  3628  3636  3655  3659  3688  3693  3695 
 3699  3702  3714  3724  3731  3731  3736  3752  3754  3755  3786 
 3793  3794  3798  3802  3828  3832  3854  3855  3858  3870  3883 
 3911  3921  3925  3928  3948  3974  3976  3983  3989  3993  3993 
 3995  4008  4023  4028  4037  4055  4065  4070  4070  4072  4097 
 4104  4113  4114  4124  4130  4133  4135  4143  4150  4152  4164 
 4176  4192  4200  4207  4212  4213  4226  4231  4248  4256  4256 
 4269  4278  4285  4288  4306  4318  4329  4330  4336  4346  4357 
 4370  4378  4389  4403  4406  4407  4409  4410  4412  4430  4441 
 4454  4456  4466  4482  4483  4498  4512  4521  4525  4528  4531 
 4532  4535  4542  4546  4567  4568  4574  4576  4580  4581  4586 
 4589  4597  4599  4602  4617  4617  4620  4622  4624  4634  4647 
 4657  4668  4688  4693  4697  4697  4705  4734  4746  4759  4763 
 4784  4800  4802  4810  4821  4831  4844  4866  4868  4876  4885 
 4906  4906  4912  4933  4937  4943  4950  4958  4971  4984  4987 
 4991  4994  5017  5020  5039  5053  5055  5062  5072  5079  5083 
 5095  5121  5126  5131  5144  5145  5146  5148  5148  5165  5166 
 5181  5188  5190  5193  5202  5209  5219  5237  5269  5271  5281 
 5286  5287  5287  5288  5289  5296  5300  5305  5306  5307  5314 
 5314  5321  5323  5332  5334  5334  5334  5336  5344  5353  5355 
 5367  5423  5426  5451  5457  5471  5483  5490  5493  5496  5500 
 5502  5527  5531  5538  5545  5552  5570  5575  5577  5586  5608 
 5615  5623  5641  5656  5658  5675  5700  5706  5707  5713  5723 
 5725  5730  5731  5748  5754  5759  5762  5764  5771  5781  5801 
 5824  5825  5828  5830  5832  5834  5837  5838  5847  5852  5853 
 5856  5873  5878  5880  5883  5887  5887  5892  5892  5896  5900 
 5904  5915  5920  5922  5927  5932  5935  5944  5952  5972  5977 
 5978  5987  5989  5999  6005  6014  6017  6032  6038  6061  6067 
 6084  6087  6091  6106  6116  6117  6119  6131  6133  6134  6135 
 6138  6158  6167  6173  6175  6189  6195  6198  6215  6222  6223 
 6230  6233  6237  6244  6251  6252  6255  6258  6262  6269  6271 
 6275  6283  6285  6287  6287  6291  6292  6318  6324  6337  6352 
 6356  6384  6385  6409  6412  6419  6462  6466  6480  6482  6484 
 6488  6506  6512  6515  6516  6518  6522  6530  6531  6534  6535 
 6542  6557  6559  6567  6567  6570  6576  6581  6582  6583  6596 
 6596  6600  6606  6613  6619  6639  6641  6648  6656  6680  6682 
 6690  6703  6703  6719  6720  6728  6739  6739  6739  6742  6776 
 6780  6791  6805  6814  6817  6835  6843  6843  6844  6845  6847 
 6864  6873  6886  6887  6902  6916  6931  6941  6974  6993  6996 
 7003  7004  7049  7050  7055  7059  7060  7064  7074  7077  7085 
 7095  7095  7110  7123  7131  7133  7139  7140  7142  7156  7157 
 7168  7198  7209  7216  7217  7224  7230  7244  7259  7282  7300 
 7361  7367  7369  7376  7381  7391  7393  7399  7409  7409  7425 
 7427  7431  7437  7440  7441  7446  7447  7452  7459  7459  7465 
 7469  7469  7474  7482  7488  7491  7502  7509  7513  7516  7517 
 7529  7530  7569  7588  7588  7589  7605  7616  7618  7622  7647 
 7654  7665  7669  7672  7678  7689  7722  7729  7740  7746  7757 
 7759  7766  7777  7782  7790  7796  7804  7808  7815  7816  7831 
 7836  7856  7858  7861  7869  7893  7893  7893  7910  7926  7929 
 7935  7935  7941  7961  7970  7973  7981  7989  7998  8002  8007 
 8008  8031  8032  8037  8049  8052  8054  8057  8071  8075  8077 
 8085  8095  8112  8112  8112  8113  8115  8135  8156  8159  8173 
 8175  8176  8180  8188  8201  8201  8227  8255  8271  8271  8273 
 8286  8297  8300  8300  8300  8316  8322  8346  8346  8351  8352 
 8362  8364  8365  8393  8399  8400  8404  8414  8425  8426  8426 
 8429  8429  8434  8439  8444  8444  8452  8459  8464  8469  8471 
 8472  8472  8473  8478  8480  8485  8504  8530  8531  8535  8538 
 8545  8546  8558  8559  8568  8576  8590  8591  8605  8615  8629 
 8642  8643  8652  8657  8664  8664  8669  8677  8679  8706  8713 
 8729  8732  8736  8738  8744  8746  8749  8752  8753  8760  8769 
 8776  8781  8798  8809  8828  8829  8840  8844  8851  8856  8857 
 8860  8862  8871  8872  8872  8881  8895  8902  8903  8904  8904 
 8929  8937  8938  8949  8959  8959  8985  8992  9000  9001  9003 
 9012  9013  9015  9016  9017  9055  9061  9063  9069  9069  9086 
 9087  9089  9123  9125  9128  9128  9134  9140  9144  9152  9156 
 9166  9191  9204  9205  9208  9236  9240  9248  9269  9277  9287 
 9292  9302  9308  9316  9324  9337  9338  9340  9373  9374  9393 
 9398  9400  9403  9407  9419  9420  9425  9437  9475  9477  9480 
 9481  9488  9494  9497  9500  9501  9507  9513  9520  9534  9569 
 9575  9583  9615  9620  9621  9630  9654  9659  9665  9677  9689 
 9701  9704  9714  9719  9741  9770  9770  9776  9782  9783  9788 
 9789  9802  9804  9809  9816  9832  9856  9872  9874  9899  9901 
 9904  9916  9920  9924  9925  9937  9942  9969  9969  9977  9981 
 9986 10012 10017 10036 10043 10048 10050 10051 10054 10061 10064 
10078 10081 10106 10107 10108 10114 10124 10131 10135 10135 10141 
10144 10147 10159 10164 10166 10168 10174 10176 10189 10196 10201 
10205 10208 10216 10231 10233 10240 10247 10258 10264 10273 10279 
10284 10295 10297 10310 10315 10343 10349 10358 10372 10394 10403 
10407 10425 10428 10443 10454 10455 10458 10460 10464 10468 10475 
10478 10483 10495 10498 10505 10507 10535 10546 10547 10561 10568 
10569 10577 10578 10596 10599 10606 10607 10622 10623 10623 10629 
10631 10632 10636 10640 10641 10645 10663 10676 10679 10684 10692 
10698 10703 10705 10714 10716 10741 10776 10784 10792 10799 10803 
10806 10822 10825 10827 10830 10840 10841 10844 10868 10871 10872 
10895 10900 10916 10926 10964 10973 10985 10988 11013 11020 11026 
11036 11040 11042 11044 11064 11068 11072 11082 11090 11097 11109 
11115 11133 11136 11163 11164 11181 11186 11188 11215 11216 11223 
11233 11242 11249 11324 11353 11358 11368 11390 11398 11399 11423 
11427 11442 11443 11444 11457 11460 11466 11475 11476 11479 11490 
11493 11500 11508 11513 11515 11529 11547 11550 11552 11561 11568 
11579 11601 11615 11616 11626 11626 11634 11646 11648 11650 11672 
11675 11679 11685 11688 11696 11699 11705 11708 11709 11717 11720 
11735 11738 11741 11745 11746 11763 11768 11790 11799 11803 11804 
11807 11820 11829 11834 11834 11836 11867 11879 11882 11883 11896 
11904 11906 11907 11908 11918 11918 11927 11936 11968 11976 11996 
11999 11999 12027 12042 12042 12044 12044 12053 12064 12067 12103 
12115 12122 12170 12176 12182 12184 12193 12207 12214 12215 12219 
12250 12280 12288 12291 12295 12311 12312 12324 12341 12344 12349 
12357 12384 12407 12419 12423 12423 12431 12450 12450 12455 12457 
12468 12478 12487 12488 12488 12490 12492 12492 12497 12500 12500 
12510 12520 12527 12548 12560 12567 12570 12581 12595 12602 12602 
12619 12631 12632 12658 12669 12723 12736 12744 12747 12748 12748 
12750 12759 12768 12770 12779 12783 12788 12793 12796 12811 12819 
12821 12832 12839 12841 12843 12854 12858 12871 12875 12927 12928 
12945 12953 12954 12967 12969 13002 13004 13005 13006 13011 13020 
13033 13051 13053 13055 13080 13088 13096 13109 13123 13131 13135 
13140 13157 13159 13176 13177 13178 13193 13194 13194 13237 13244 
13251 13256 13261 13261 13263 13274 13275 13277 13299 13309 13315 
13316 13327 13332 13342 13347 13359 13359 13360 13367 13371 13380 
13383 13385 13388 13394 13402 13449 13477 13487 13523 13525 13527 
13535 13547 13555 13559 13562 13563 13574 13586 13588 13593 13594 
13630 13636 13642 13649 13666 13672 13672 13678 13701 13714 13720 
13723 13730 13737 13737 13740 13745 13749 13758 13761 13763 13763 
13776 13786 13795 13798 13803 13805 13807 13842 13847 13847 13854 
13863 13872 13883 13888 13892 13898 13901 13901 13910 13910 13920 
13923 13945 13975 13981 14004 14030 14033 14054 14067 14068 14078 
14078 14096 14113 14133 14168 14183 14193 14218 14227 14229 14232 
14244 14247 14250 14281 14284 14289 14295 14297 14310 14316 14318 
14322 14324 14332 14342 14351 14356 14357 14365 14414 14416 14426 
14428 14430 14440 14471 14472 14477 14514 14546 14546 14570 14572 
14577 14581 14585 14586 14586 14590 14593 14611 14614 14618 14620 
14622 14624 14629 14630 14642 14649 14671 14688 14691 14692 14701 
14708 14711 14726 14734 14734 14740 14757 14758 14762 14766 14779 
14782 14788 14793 14797 14810 14827 14830 14835 14835 14836 14847 
14847 14854 14855 14866 14894 14906 14909 14934 14940 14942 14943 
14948 14953 14959 14977 14977 14977 14987 15006 15019 15026 15026 
15036 15040 15050 15052 15062 15066 15080 15092 15099 15121 15125 
15133 15158 15162 15183 15189 15197 15212 15217 15232 15249 15249 
15266 15278 15280 15286 15293 15301 15301 15315 15331 15335 15354 
15356 15357 15367 15377 15379 15388 15401 15422 15427 15433 15450 
15455 15459 15462 15469 15488 15492 15511 15511 15525 15531 15533 
15543 15552 15573 15573 15575 15590 15603 15604 15620 15621 15629 
15661 15676 15679 15711 15714 15720 15726 15729 15741 15746 15770 
15778 15783 15793 15796 15800 15803 15814 15817 15820 15826 15827 
15828 15837 15843 15867 15897 15913 15915 15970 15970 15982 15990 
16000 16005 16009 16010 16010 16022 16031 16056 16071 16077 16078 
16084 16121 16123 16124 16147 16152 16155 16160 16161 16185 16193 
16196 16211 16212 16227 16229 16238 16251 16253 16258 16277 16284 
16327 16329 16333 16334 16337 16341 16350 16358 16382 16383 16386 
16395 16402 16402 16404 16419 16422 16432 16440 16441 16450 16456 
16456 16460 16471 16480 16502 16504 16505 16516 16528 16531 16540 
16542 16546 16550 16556 16564 16568 16576 16582 16586 16587 16589 
16603 16607 16616 16640 16643 16645 16661 16664 16668 16689 16703 
16706 16722 16727 16727 16728 16740 16742 16765 16770 16775 16777 
16792 16795 16796 16806 16826 16829 16830 16839 16841 16841 16842 
16851 16862 16888 16890 16890 16901 16908 16910 16921 16930 16934 
16946 16947 16961 16970 16978 17009 17009 17040 17057 17079 17084 
17088 17109 17120 17120 17128 17128 17141 17149 17161 17162 17175 
17178 17179 17183 17204 17205 17213 17213 17220 17222 17226 17246 
17257 17291 17293 17298 17300 17304 17308 17314 17315 17320 17326 
17359 17364 17389 17430 17431 17437 17442 17446 17469 17483 17498 
17511 17525 17536 17538 17548 17548 17550 17562 17573 17575 17579 
17587 17596 17614 17621 17623 17632 17635 17641 17656 17659 17666 
17691 17695 17696 17699 17704 17708 17713 17723 17734 17737 17751 
17752 17754 17758 17758 17760 17772 17782 17789 17790 17791 17796 
17796 17808 17815 17825 17833 17855 17868 17869 17872 17883 17884 
17893 17905 17907 17918 17928 17930 17932 17942 17947 17949 17953 
17956 17964 17974 17982 18015 18035 18045 18060 18061 18072 18073 
18088 18099 18147 18162 18165 18185 18191 18195 18203 18206 18209 
18223 18228 18273 18277 18285 18297 18298 18301 18310 18316 18327 
18331 18337 18341 18343 18351 18360 18362 18366 18370 18381 18381 
18386 18387 18388 18390 18394 18401 18405 18417 18417 18421 18427 
18439 18447 18452 18456 18463 18463 18469 18475 18486 18497 18499 
18504 18509 18513 18522 18554 18558 18561 18561 18563 18582 18605 
18606 18606 18614 18618 18627 18660 18661 18671 18674 18682 18685 
18690 18692 18718 18725 18731 18733 18733 18739 18741 18741 18774 
18792 18818 18837 18844 18844 18846 18851 18855 18873 18877 18883 
18886 18892 18892 18915 18930 18932 18934 18935 18939 18954 18957 
18960 18962 18972 18973 18980 18990 19000 19003 19008 19009 19026 
19033 19048 19050 19080 19108 19112 19120 19120 19132 19145 19157 
19168 19177 19189 19192 19194 19196 19207 19223 19232 19239 19249 
19258 19259 19261 19280 19282 19288 19295 19297 19301 19302 19306 
19315 19320 19329 19334 19336 19338 19342 19367 19381 19381 19399 
19407 19413 19427 19432 19436 19436 19455 19456 19457 19475 19479 
19481 19497 19499 19508 19508 19510 19514 19515 19528 19539 19566 
19574 19576 19578 19589 19595 19597 19602 19610 19610 19613 19614 
19616 19621 19626 19628 19631 19632 19638 19641 19642 19646 19653 
19660 19675 19679 19681 19697 19702 19705 19710 19729 19731 19743 
19764 19780 19789 19804 19806 19813 19819 19820 19822 19824 19827 
19831 19838 19838 19845 19857 19875 19878 19884 19891 19893 19907 
19917 19921 19952 19955 19960 19965 19966 19969 20010 20016 20022 
20030 20036 20049 20055 20058 20061 20062 20066 20070 20071 20072 
20095 20097 20127 20144 20154 20157 20167 20181 20182 20206 20222 
20226 20229 20237 20242 20258 20265 20297 20304 20306 20311 20312 
20319 20322 20328 20329 20339 20352 20360 20370 20375 20378 20382 
20389 20391 20409 20410 20416 20419 20442 20449 20471 20480 20482 
20488 20488 20497 20507 20526 20539 20539 20540 20541 20548 20551 
20555 20560 20572 20572 20573 20574 20580 20587 20595 20610 20619 
20620 20634 20636 20637 20639 20640 20652 20655 20656 20666 20678 
20680 20685 20711 20719 20720 20733 20752 20761 20774 20778 20789 
20791 20795 20799 20803 20808 20811 20813 20821 20826 20838 20839 
20839 20848 20849 20858 20878 20881 20884 20887 20891 20904 20904 
20909 20911 20913 20936 20939 20946 20975 20980 21003 21011 21015 
21023 21040 21044 21045 21052 21068 21069 21069 21094 21097 21098 
21102 21133 21134 21141 21167 21167 21167 21169 21176 21184 21188 
21188 21192 21202 21202 21251 21252 21264 21267 21273 21277 21279 
21295 21317 21330 21350 21351 21362 21363 21369 21378 21383 21399 
21411 21412 21416 21421 21441 21445 21448 21450 21457 21458 21459 
21469 21470 21482 21483 21495 21498 21505 21533 21538 21541 21549 
21562 21571 21614 21619 21619 21621 21638 21649 21650 21674 21676 
21688 21705 21714 21719 21724 21725 21727 21729 21777 21782 21786 
21786 21800 21807 21865 21866 21911 21912 21925 21938 21943 21975 
21984 21992 22005 22013 22016 22021 22044 22062 22063 22065 22069 
22078 22082 22085 22091 22092 22096 22096 22099 22105 22107 22114 
22115 22129 22132 22147 22157 22186 22190 22207 22214 22215 22217 
22227 22229 22231 22234 22238 22242 22247 22255 22261 22269 22276 
22279 22280 22282 22287 22312 22315 22318 22326 22326 22327 22329 
22339 22342 22359 22369 22376 22378 22378 22388 22393 22412 22425 
22427 22430 22439 22459 22468 22471 22471 22473 22486 22492 22501 
22501 22506 22510 22513 22514 22519 22520 22526 22536 22560 22580 
22580 22582 22591 22596 22610 22620 22621 22626 22634 22641 22659 
22673 22676 22676 22692 22711 22712 22725 22729 22731 22744 22761 
22764 22766 22768 22769 22770 22802 22811 22824 22845 22847 22850 
22863 22863 22870 22886 22889 22903 22905 22906 22921 22951 22974 
23000 23012 23019 23023 23030 23036 23037 23059 23068 23069 23071 
23075 23078 23086 23095 23096 23097 23099 23107 23114 23114 23121 
23136 23141 23143 23145 23149 23150 23150 23161 23172 23182 23184 
23190 23199 23209 23210 23213 23219 23238 23241 23254 23255 23256 
23270 23272 23283 23286 23286 23290 23291 23305 23321 23329 23330 
23337 23346 23349 23354 23355 23356 23365 23368 23380 23381 23382 
23385 23389 23415 23422 23430 23436 23439 23451 23464 23464 23491 
23503 23503 23507 23513 23516 23533 23536 23539 23549 23576 23580 
23583 23583 23616 23619 23640 23669 23695 23706 23720 23724 23731 
23734 23737 23740 23758 23764 23823 23844 23856 23873 23876 23879 
23891 23898 23899 23902 23910 23914 23923 23927 23951 23955 23963 
23966 23971 23978 23991 23995 23996 23997 23999 24017 24033 24033 
24037 24053 24056 24058 24076 24077 24083 24087 24091 24095 24118 
24124 24126 24139 24174 24190 24196 24196 24196 24203 24207 24216 
24223 24240 24267 24268 24269 24273 24276 24281 24298 24304 24306 
24306 24322 24323 24336 24340 24341 24349 24350 24355 24356 24364 
24384 24387 24395 24408 24417 24419 24445 24466 24473 24489 24526 
24527 24531 24534 24537 24540 24548 24549 24576 24586 24593 24612 
24615 24627 24629 24634 24637 24647 24656 24659 24669 24685 24694 
24699 24713 24714 24721 24722 24725 24725 24727 24752 24755 24757 
24763 24764 24780 24786 24792 24795 24805 24806 24812 24813 24815 
24817 24834 24834 24835 24859 24862 24868 24875 24876 24878 24880 
24881 24893 24894 24899 24932 24932 24933 24943 24949 24951 24959 
24966 24970 24975 24979 24981 24990 24998 25002 25020 25022 25029 
25031 25042 25065 25066 25085 25090 25108 25108 25115 25131 25149 
25180 25189 25213 25225 25233 25240 25247 25256 25307 25307 25310 
25323 25323 25326 25334 25350 25356 25384 25392 25410 25424 25429 
25435 25437 25447 25455 25472 25478 25484 25491 25495 25507 25508 
25512 25535 25538 25558 25562 25566 25570 25580 25591 25602 25626 
25628 25637 25642 25644 25649 25653 25653 25657 25657 25659 25676 
25676 25687 25688 25708 25712 25714 25718 25722 25725 25730 25735 
25750 25754 25773 25789 25799 25801 25805 25820 25821 25824 25824 
25825 25838 25840 25841 25883 25884 25911 25912 25918 25933 25940 
25949 25952 25955 25961 25962 25968 25979 25980 25980 25983 25999 
26013 26014 26016 26017 26019 26028 26041 26051 26051 26060 26094 
26103 26124 26129 26140 26163 26163 26168 26179 26188 26205 26206 
26209 26210 26216 26232 26247 26252 26252 26259 26264 26281 26287 
26291 26302 26304 26328 26332 26342 26359 26368 26379 26386 26398 
26423 26445 26446 26449 26452 26454 26457 26472 26491 26539 26550 
26557 26560 26577 26581 26582 26600 26605 26605 26606 26614 26617 
26619 26629 26643 26659 26672 26679 26683 26686 26687 26689 26711 
26731 26748 26749 26757 26768 26772 26774 26800 26800 26809 26810 
26812 26816 26822 26823 26844 26850 26867 26868 26876 26879 26887 
26888 26896 26902 26904 26910 26920 26920 26924 26931 26939 26945 
26955 26961 26975 26979 26987 26989 27010 27012 27014 27028 27037 
27040 27054 27057 27081 27094 27110 27117 27123 27146 27147 27158 
27171 27188 27191 27194 27194 27206 27211 27213 27217 27220 27221 
27224 27225 27226 27232 27233 27234 27247 27251 27252 27274 27275 
27290 27302 27304 27318 27326 27327 27328 27357 27358 27365 27371 
27371 27372 27381 27389 27389 27403 27413 27415 27421 27432 27433 
27433 27439 27467 27471 27514 27519 27520 27524 27526 27544 27545 
27595 27598 27604 27610 27629 27641 27641 27644 27647 27648 27654 
27655 27666 27679 27679 27684 27704 27710 27746 27748 27750 27752 
27753 27762 27763 27773 27774 27786 27790 27798 27821 27848 27864 
27874 27882 27887 27899 27901 27918 27922 27924 27940 27958 27960 
27974 27985 27999 28007 28016 28016 28027 28031 28037 28061 28066 
28067 28071 28081 28082 28111 28117 28122 28133 28135 28139 28155 
28165 28186 28191 28198 28204 28225 28229 28234 28245 28271 28293 
28298 28321 28329 28335 28361 28361 28362 28368 28370 28396 28403 
28408 28430 28431 28434 28440 28444 28456 28462 28469 28471 28477 
28479 28486 28499 28506 28508 28511 28515 28517 28549 28550 28554 
28572 28578 28578 28580 28584 28589 28591 28614 28615 28626 28659 
28661 28662 28665 28682 28697 28701 28703 28723 28730 28735 28752 
28759 28766 28770 28777 28778 28795 28805 28812 28817 28818 28818 
28826 28830 28837 28837 28855 28891 28892 28906 28908 28909 28914 
28916 28920 28928 28951 28957 28964 28972 28992 28998 29014 29035 
29064 29081 29085 29086 29095 29097 29112 29113 29114 29118 29119 
29120 29123 29126 29127 29138 29145 29148 29158 29174 29200 29201 
29206 29207 29213 29228 29232 29240 29240 29242 29262 29267 29272 
29282 29303 29315 29322 29326 29332 29333 29336 29348 29357 29366 
29384 29386 29388 29393 29395 29404 29406 29409 29422 29444 29488 
29492 29500 29502 29502 29504 29506 29524 29527 29531 29535 29539 
29546 29571 29575 29577 29584 29603 29608 29619 29622 29623 29623 
29624 29643 29653 29665 29665 29669 29675 29683 29708 29711 29718 
29724 29732 29739 29744 29750 29754 29757 29764 29771 29772 29782 
29788 29792 29798 29823 29825 29828 29832 29832 29842 29848 29865 
29868 29869 29885 29885 29891 29895 29897 29902 29902 29906 29907 
29910 29914 29915 29933 29933 29937 29943 29950 29954 29957 29983 
29984 29993 30020 30024 30026 30045 30052 30053 30064 30069 30070 
30073 30082 30098 30109 30111 30128 30130 30137 30157 30168 30169 
30183 30194 30217 30227 30228 30230 30248 30249 30254 30254 30263 
30267 30296 30300 30303 30322 30331 30339 30340 30341 30341 30355 
30371 30371 30379 30384 30397 30404 30433 30443 30469 30475 30482 
30487 30516 30526 30529 30536 30536 30540 30547 30551 30556 30557 
30561 30577 30595 30598 30601 30601 30602 30603 30603 30604 30609 
30615 30616 30616 30625 30637 30651 30666 30673 30683 30685 30693 
30724 30726 30730 30730 30752 30762 30772 30779 30781 30782 30792 
30797 30803 30812 30825 30849 30853 30855 30879 30885 30888 30888 
30888 30891 30893 30895 30908 30912 30915 30919 30925 30950 30959 
30965 30986 30987 30991 30991 30992 30992 30994 31010 31014 31019 
31027 31028 31044 31061 31067 31098 31100 31107 31121 31122 31125 
31129 31131 31133 31143 31158 31169 31182 31187 31188 31191 31195 
31197 31199 31201 31203 31232 31247 31250 31268 31291 31317 31325 
31331 31334 31339 31350 31359 31360 31360 31379 31394 31414 31427 
31436 31436 31440 31441 31442 31455 31466 31470 31472 31480 31497 
31508 31530 31534 31536 31541 31544 31565 31574 31576 31577 31589 
31593 31599 31608 31631 31636 31640 31643 31662 31673 31682 31692 
31699 31708 31725 31727 31760 31771 31778 31793 31794 31794 31823 
31829 31837 31841 31843 31857 31864 31883 31886 31901 31926 31934 
31944 31945 31950 31961 31963 31970 31986 31987 31988 32001 32005 
32010 32035 32035 32037 32039 32042 32051 32056 32061 32061 32062 
32068 32070 32075 32090 32102 32104 32106 32107 32113 32115 32115 
32117 32118 32126 32141 32162 32163 32170 32170 32171 32179 32190 
32193 32194 32195 32210 32213 32258 32264 32269 32273 32279 32294 
32308 32321 32322 32346 32357 32357 32365 32376 32383 32384 32402 
32405 32410 32412 32415 32428 32431 32446 32448 32454 32462 32465 
32470 32484 32486 32495 32502 32512 32516 32541 32546 32547 32554 
32560 32570 32574 32589 32591 32596 32602 32608 32608 32613 32618 
32619 32623 32630 32631 32648 32648 32651 32665 32671 32675 32688 
32689 32695 32714 32722 32722 32723 32748 
